好耶
我可真牛！
火速赶到了！！
刚刚！！
1分钟好耶
刚刚
来了
热乎，刚刚
突然更新
1分钟
我出息了
看到我，你就不是第一啦
哈哈哈哈哈哈哈哈哈哈哈
热的！！
一分钟
前排前排啊啊啊啊啊
《科学》
一分钟！！！
刚刚
茄茄茄！我中考726/750（今天11点查的
卧槽没人
好热，烫手了都
刚刚
一分钟！！！
没有弹幕感觉少了那么点意思
。。。。。。。。。。。。。。。。。。
一分钟
1分钟
1分钟！！！
一分钟！
爷青回
等老久了哈哈哈哈
nb！
？？？？
一分钟，热乎
刚刚！
嘿嘿
我好快
啊啊啊啊啊啊
哈哈哈哈哈哈哈哈哈哈哈哈
缩句带师
两分钟
我出息了！
刚刚！
“和蔼”
两分钟！
承包空屏
两分钟太热了
草
热乎！
芜湖
好耶
两分钟！！！
真 断 绝 关 系
下 饭 视 频
无弹幕
四分钟 还热乎
两分钟
奶奶的
JOJO哈哈哈哈哈哈哈
2分钟
安静像盒
啊哈
燃起来了（）
安静祥和
盲猜一波奶奶干的
热乎
哈哈哈哈哈哈哈
《和蔼》
嘿嘿
普奇神父
ohhhh
爷青回！！前排！
哈哈哈哈哈哈
一分钟，我出息了
两分钟！
hhhhhc
still dre
热乎的，好烫手
嘿嘿～(^V^)
哈哈哈哈哈
哈哈哈哈哈哈
普奇神父
《太会缩句了》
jo厨狂喜
普奇神父？？？
《安静祥和》
蹦圣迪
《 和 蔼 》
热乎！！
三分钟！！热乎
《太 会 了》
上一秒3000＋在看下一秒5000＋在看
警察好像阿帕基
普奇：？
『白蛇』
《安静祥和》
神父换碟
弹幕
少年好颜艺
居然听懂了！？
画风突变
恍 然 大 悟
安静祥核
祥核
快拿博人传灭火！
好耶
三分钟！
7000多人你们好doge
哈哈哈哈哈哈哈哈哈哈哈哈哈哈哈
愤怒的小鸟
普奇：？？？？？
笑死我了
石之海出了？
jo厨狂喜
我还是等弹幕多了再来吧
哈哈哈哈哈哈哈哈哈哈哈哈哈哈
三分钟
@普奇神父
和    蔼
徐伦点了个赞
安 静 祥 和
《安静祥和》
哈哈哈哈哈哈哈哈哈哈哈哈哈
老年击剑
老张  要素提取
击剑？？？？？
热乎
哈哈哈
两分钟！
决战养老院之巅
石之海
好热乎
啦啦啦啦
啊这
《和蔼的老人》
击    剑
离谱
好耶哈哈哈哈哈哈
四分钟 
再加个 他 就更好了
普奇？
爷青回
？？？！
最新鲜的叫我赶上了哈哈哈哈哈哈
石之海可还行
嘿嘿
养  老  院
h2o
《安静祥和》
50年以后的我们
《恶灵骑士》
绝了
来玩水呀 大爷们
《蹦 蹦 车》
哈哈哈哈哈哈哈哈哈哈哈哈哈哈哈哈哈哈哈哈哈哈哈哈哈哈哈哈哈哈哈哈哈哈哈哈哈哈哈哈哈哈哈哈哈哈哈
《安静祥和》
《和 蔼》
荒野大镖客2的BGM
水猴子
哈哈哈哈哈哈哈哈哈哈哈哈哈
画风突变
击剑
击剑♂
好耶
哈哈哈哈哈哈哈
《安静祥和》
笑死了
好耶！！
击剑（雾）
湿 身
红红火火恍恍惚惚
言峰绮礼还是普奇啊
击剑
击剑♂
《和蔼》
和  蔼
击剑
4分钟
好空旷
JOJO！
所以他为什么没被阳光晒死
好宠
两个老头在击剑
五分钟！！！（声嘶力竭）
疯 人 院
冲啊！！~~
挺好看的，就是还没看
老年击剑
奶奶：你可真孝
缩 句 带 师
老奶奶:你们都是我的翅膀 
话说你咋知道的
击剑
 《和蔼》
啊啊啊好可爱呀切切
在玩水
这种情况俗称跳车
大爷来击剑
666
爷青回
一秒变9000
双厨狂喜
民以食为天
华山论剑
《安静祥和》
《一心只蹦圣贤迪》
hhhh，普奇神父滚出来挨打
《选择性听力障碍》
还以为是吸水鬼呢
没有弹幕的吗
我怀疑这里人都是茄茄自己假扮的，完全一致活出自我[doge]
和 蔼
我有个朋友系列
来早了…没有弹幕
哈哈
石之海，我的泪
水气球？拿来吧你！
我还以为奶奶飙血啦
猴 戏
：
勇敢的击剑者 
《击剑》
五分钟
老年迪斯科
《老人》
不    用    谢
hhhhhh争夺
普奇点了个淦
好家伙
当场结婚
JOJO
？
空屏
用H2O练成水
六分钟
四分钟还热乎！
我也要
承包空屏
回合制游戏
双厨狂喜
五分钟，好早
额，
有人吗
五分钟
嘴遁
《和蔼的老人》
老青结工了
四分钟
爷青结
是什么梗吗谁来解一下
《关于番茄变成猩猩这件事》
神父↓
五分钟
一氧化二氢
你弹幕开了
@普奇神父
五秒还是太短了啊！(无端)
哈哈哈哈哈哈哈哈哈哈
5分钟热热还能吃
不对吧，那张合照
好家伙聋瞎组合
不对劲了
击剑
《和藹》
哈哈哈哈哈哈神父换碟
5分钟！！！！！！！！！！！！！！！！
小王好可爱
快住手，你们不要再打了
对不起我把安全通道当成了奶奶的房间
小王快点加入他们！
某普姓男子骂骂咧咧地退出了视频
奶奶的
六分钟烫嘴
笑死哈哈哈哈哈哈
时尚
杰尼人 雾
这个小朋友是不是叫小王呀
阿这
哈哈哈哈
小朋友竟是我自己
普奇神父
祥和
这是骨灰盒
大爷 你嘴也不咋地
我还以为我没开弹幕
击剑
六分钟！
《安静祥和》
击剑
海绵宝宝即视感
红色浆果（doge）
热乎
为什么奶奶这么正常
真·击剑
车门不锁嘛
3分钟还热乎
少年好颜艺
别吵啦
六分钟，我nb了
四分钟
老人洗头
氨 胫 鐌 核
决战紫金之巅峰
下一期:《番茄返祖现象》
证明你开了弹幕
《惊 天 动 地》
蕾姆
出大问题
王小盆友哈哈哈哈
六分钟，这可真热乎
确实
5分钟，核聚变加热一下，勉强能看
不是第一次见面吗，怎么有合照
极品基老伴
热热还能吃
细看，有空条承太郎
7分钟！
老年击剑
六分钟！
爷  青  结
果然是击剑对吧
这么早
？？？？
7分钟7分钟
七分钟！
击剑
蚌埠住了
我来证明你开了弹幕
击剑
亲 · 孙子
击♂剑
奶奶的
击剑（确信）
《望远镜》
真·把脖子转过来
《有亲人终成眷属》
蚌埠住了
那你俩一块过呗
我超，织毛衣我看成在喷血了
坏了，我成替身了
真就击剑唄
双 人 击 剑
哈哈哈哈哈哈
蚌埠住了
翻脸
好基友
《和蔼》
原 地 结 婚
《互补》
囍
这个裙子掉水好猥琐啊哈哈哈哈
击剑
哈哈哈哈哈哈哈哈哈哈哈哈
火影忍者啥的
笑死了蹦圣迪哈哈哈哈
杰尼杰尼
好！可！爱！
七分钟
7分钟
原来水能喝
刘老太：小丑竟是我自己
那等下要怎么走勒，警长
普奇：？
哈哈哈哈哈哈
3分钟
怕不是有那大病
来得早的人承包空屏
新概念和蔼
七分钟，热乎
相互互补
第一次见不会有照片，所以奶奶是平行世界来的{doge}
爷 青 结
合照？？？
嘿嘿~
长短互补
热乎！
6分钟哈哈哈哈哈哈哈哈
烫手
选 择 性 耳 聋
。
不是在蹦跶吗？？
刘老太：你俩这样礼貌吗
这个小盆友还有一个喜欢放假的警长
完了，我成第三者了
不是 有情人人终成眷属
击剑
未曾设想的道路
老番茄施展了秘技：脖子180度大转盘！
七分钟！热乎
有人吗
哈哈哈哈哈哈
《马大姐教你用H2O制作水》
哈哈哈哈
！！
水也能喝可还行？
8分钟！！！！！！！！！！
终于更了好感动啊
病友交流会
承包空屏
7分钟
神父换碟
这是怎样的一个家庭啊！
看他智慧的眼神
那你怎么回警局
♂
《吾有一友》
哈哈哈哈哈哈哈哈哈哈哈哈哈
为什么他们俩有合照啊
不是你怎么知道啊警长
爷青结
击♂剑
呜呜茄哥这里好温柔
7分钟
《氨 净 祥 核》
患有腿疾，所以用手抓着灯，没毛病啊
正常，谢谢老年人的行为非常正常
左上角小王和奶奶的照片！！
壁画
热乎的
神父换碟
跳 不 起 警 车
击剑
坏了，我成替身了
十分钟！
七分钟妈妈我出息了
左上角有奶奶和小王成年照片
爷青回
左上！有奶奶和小王的合照！
八分钟！！
请在一起，谢谢（狗头/）
《业 务 广 泛》
五分钟，热乎
弹幕嘞？
2.1万在看了！
急支糖浆
自觉变紫
热乎的，八分钟！！！
奇怪，明明是第一次见面为什么奶奶房间会有奶奶和小王的照片？
左上角图片有蹊跷
等会，第一次见面左上角怎么会有照片？
哈哈哈哈哈哈哈哈哈哈哈哈哈哈接的到这个梗的兄弟萌都不小了吧也
哈哈哈哈哈哈哈
…
哈哈～
哈哈哈哈哈
带孝孙
8分钟
烫死我了
老青结工了
男同竟在我身边
茄哥凉了
八分钟!
《核 碍》
在申了在申了
你就宠着吧
夕阳紫
你俩在一起呗
华山论剑
返祖行为
？？？？
奶奶：真好孝
芜湖，2万人
快，隔离
击剑
承包空屏
8分钟，好耶
哈哈哈哈哈哈哈哈
是spider man！！！
照片上是承太郎
五分钟！热得发烫！
不对劲不对劲
亲 · 孙子
DJ神父
有空…上我那儿击剑啊
配音大师老番茄
承包这片空屏
9分钟
spider man
所以左上角为什么有合影？
《祥  核》
刘奶奶:那我走？
照片是承太郎
九分钟热乎。
真.科学
哈哈哈
九分钟
《门当户对》
草
自由美利坚，枪战每一天
9分钟！
刘老太：你们礼貌吗？
《戴安娜》
9分钟！！！！！、
荒野大镖客
和小王第一次见柜子上面还有合照？！
九分钟
9分钟太烫了
真 爷青结
哈哈
如果是第一次见的话，那左边柜子上为啥会有合照？
哈哈哈哈哈
6.0
8分钟
不是断绝关系了吗（惊
打水球？好耶！！！
紫气东来
哈哈哈哈哈哈哈
哈哈哈哈哈
离谱
《第三者》
真击剑
安静祥和
关上9分钟的大门
！
大概是从吸水鬼那儿发现的
击剑
左边画像是小王和奶奶，而明明他们俩一次也没见过，嘶
终究还是多余了
九分钟—！
《反  客  为  主》
这个风声我还以为是我耳鸣了
第一次见左上角为什么有合影？！
事情的发展变得奇怪了
九分钟！！
哈哈哈哈哈哈哈哈哈哈哈哈哈哈哈哈哈
这里小王和奶奶第一次见面，但墙上却已经挂上他们的合影
？
你是梁志超吗？
第一次见面为什么有合照
诺贝尔亲自颁奖
九分钟!烫死了！
空屏承包
快点思考一下怎么白嫖更优雅
10分钟
墙上有小王和奶奶的合照诶
？？？？？？？？？？
草
哈哈哈哈哈哈
好家伙，我把头发和脸看反了
？？？
突然变色
忍着也饿怎么办！
十分钟！！！
五分钟！
第一次见面为什么左上角会有他们的合照？
十分钟，拿沙皇核弹热热还能吃
第一次见面哪里来的合照？！
普奇神父表示点赞
九分钟！
10分钟！
《和 蔼 的 老 人》
十分钟，热热还能吃！
好家伙，看对眼了
弹幕呢
《啊也是》
倒 挂 金 钩
复旦之耻
击剑
德古拉可还行
《 喜 结 连 理 》
10分钟！
怎么有照片
？？？
新概念语文
“完了我成第三者了”
《诶呀那我可真牛》
《击剑》
10分钟从来没这么早过。
刘老太:……？？？
左上角墙上有奶奶和小王的合照？？？
击剑
10分钟
击 剑
锅 盔
？第一次见面那左上角？？？
为什么奶奶屋里挂着合照
哈哈哈
哈哈哈哈哈哈哈哈哈
十分钟
申遗，给我申遗！
???
击剑
《普通人》
左上角照片
省流助手：用Wi-Fi看
哈哈哈哈哈哈哈哈哈哈哈哈哈哈哈哈哈哈哈哈哈
击剑
Hhhhhhhh
出生之前不是吗？？？？
魔禁的神父找了份兼职
哈哈哈哈哈哈哈哈
10分钟？出息了
门  当  户  对
完了，我成替身了
八分钟！
《精灵旅社》
水是剧毒的
1
哇哦
老太：那我走？
左上角，家族基因的强大
第一次见左上角的照片哪来的?
上面一秒两万多这一秒32000再看
《安静祥和》
10分钟！！！
真 -爷青结
人老了就要登一登山，古人云，老毕登
你们不要再打了！
九分钟!!!
击剑
硬核轉頭
哈哈哈哈哈哈哈哈
热乎的
门当户对
《击剑》
哈哈哈哈哈哈哈哈哈哈哈哈哈哈哈哈哈哈哈哈哈哈哈
《核蔼》
？
我的妈呀好宠溺啊！！
omg 这点好可爱好可爱好可爱好可爱嗷
哈哈哈哈哈哈哈哈
芜湖！
哈哈哈哈
核癌的老人
普奇啊
11分钟
男同尽在我身边
左上的照片是不是说明两人不是第一次见面
泪目     泪目
这剧情展开有点奇怪（doge）
怎么忍？ 使劲儿忍！
这个头发。。德古拉的女婿？！
10分钟
正好下饭
没有弹幕呀
囍
后面的合照？
热乎饭
听清了，是柯南的曲子
OK
独占大屏幕 
承包空屏！！！
渴死哈哈哈哈哈
左上角的画
《普 通 人》
？？？？？？？
左上角是警长
←这照片。。。
第一次见咋照片就挂上了呢
刘奶奶：那我走？？？
吃饭的时候我把脑袋倒过来我妈以为我吃饭噎着了
啊这
《出生前》
确定了，确实是亲的。
第一次见面前就有照片了！
还穿着警服
动作指导：中国boy
11分钟烫手烫手。
爱情来的太快就像龙卷风
没救了。。。直接送去吸纯氧吧
真就神父换碟
《硬核扭头》
《哎谢谢啊》
12分钟妈妈我出戏了
我来证明你开了弹幕
左面吊死鬼
神父普奇
十分钟np
热乎的！
12分
极思细恐
这里有问题
不是第一次见吗?墙上的合照怎么说
对哦
哈哈哈哈哈哈哈哈哈哈啊哈哈哈哈哈哈哈哈哈
怎么有照片
和蔼
核 癌
勇闯无人区，6分钟
查夜！开门！
空屏抱走切切
你们俩
紫气东来
爷青结
第一次见面为什么有照片
看左上角照片，不对劲，他俩不是第一次见吗
十分钟！！！
？？？？？？？？？？？？？？？
不是第一次见吗左上角怎么有张合照呀
h2o
哈哈哈新概念转脖子
奶奶：孝死我了
《核蔼》
哈哈哈哈哈哈哈
你们两个在一起不就好了
13分钟
承包空屏
《安静祥和》
承包空屏
确实
滋别人一身，这是银能干的事？
咋后边还有照片啊
新  概  念  击  剑
蜜汁植物大战僵尸既视感
最强缩句王
笑死了
奥特曼？
MC铁盔甲↓
《转脖子》
《转脖子》
左上角合照耶
第一次见面，左上角照片？？？
我出息了
奶奶忙啥呢？♂
我想知道最后谁赢了
？？
嘿嘿嘿嘿
猴山
墙上的照片是合影？
哈哈哈
空屏承包切切
普奇神父：…你干脆报我名字得了
你们两个在一起好了
塔罗融合-倒掉之吸血鬼
右边相框是空条承太郎吗www
Here ’s Johnny
普奇 神父 
热乎！
哦，神父换碟
合照？？？
硬核食粮
注意，左上角的相片！他们不是第一次见面！
击剑中？
来了来了
拿吧来你
《小朋友竟是我小王》
14分钟。
3.7w在观看
核蔼
三分钟！
这么早
七分钟~
十三分钟！热乎的！
噗哈哈哈哈
草哈哈哈哈哈笑飞了
哈哈哈哈哈哈哈哈
承太郎→→↓
哈哈哈哈哈
十三分钟！我出息了！
哈哈哈哈哈
来啦！
十三分钟！
宝      刀      未      老
吓我一跳
雀巢老人
见 家 长
注意左上的照片
？？？？各取所需
完了，我成替身了！
叶孤城和西门吹雪
哈哈哈哈哈哈哈哈哈
十四分钟啊啊啊啊啊
爷青结
这俩何不凑一对
唐 吉 诃 德
人好多
门上的照片！
硬核转脖子
杰尼杰尼
蚌埠住了
完 美 解 决
十四分钟
《和蔼》
14分钟，烫嘴
这样打是打不死人的啦！
经 典 再 放 送
14分钟！！！
笑死我了哈哈哈哈
热着热着
《千里眼和顺风耳的击剑比赛》
《转 过 来》
哈哈哈哈哈哈哈哈
注意柜子上面的挂画
老张；这人惹不起，一身铁套
为啥子奶奶房间里会有小王的照片啊
14分钟！！！
哈哈哈哈哈哈哈哈哈哈
还是热的！
来了
你把脖子拧断了看一下
《安静祥核》
医学奇迹
空荡荡的弹幕
不 是姓李（滑稽）
俄式养老院
拖延时间♂
出柜
神父打碟
《 击    剑 》
嗯？有动画了？？？？？？
危 奶奶 危
你车也开不了了
硬核神父
！！
热乎的
我也想试6.0的大眼睛
《转脖子》
阳台击剑里右边那个人有奶奶的红石毛线
来了来了！
神父好友
7分钟
狱原权太
十一分钟！！！！！！！！！
太  凶  了
15分钟
…？未曾设想的道路
4.3w人你们好（）
快乐的周五12点
喜结良缘
热乎
猝不及防？
一看就有生命迹象！
圣？？？迪？？？？？？
第一次见哪来的合照
那就使劲忍
未曾设想的道路
哦~♂
15分钟
不要再打啦～你们不要再打啦～
击剑
这是小王的爷爷吧
13分钟
霸占空屏
哈哈哈哈哈哈
真转脖子
16分钟还热的 
4.4万
亲 切
交
哈哈哈哈哈，晚年生活可还行
《吸水鬼》
击♂剑
♂♂♂
《愿             意》
“没有挣脱说明你手劲大的离谱”
囍
请收下我的膝盖
16分钟，烫手！！！！
水有剧毒
duel！
哈哈哈哈哈哈哈
要打去练舞房打！
养老院优秀的匹配机制
15分钟
精神食粮的短缺造成的精神饥饿可以通过食用食粮进行物理补充
因为小王看了《马老师教你用H2O制造水》
我出息了！15分钟
《原来如此》
选择性耳聋
老人版死灵骑士
16分钟，还热乎
真的热乎
《科学》
哈哈哈哈哈哈哈
你们俩凑一堆就没事了
击♂剑
爱情来得太快就像龙卷风，一个人眼睛瞎一个耳聋
啊……你倆在一起算了
.
哈哈哈哈哈哈哈哈哈哈
《孝 死 我 了》
爷青回
他自己哈哈哈哈哈哈。
好耶！
水 枪 还 你
刘老太：那我走？
17分钟
拿来吧你
不多不少，刚好20min，第一次这么早
是腿又不是手这不是行吗
17分！！
17分钟
？？？？？
是吸血鬼（doge
它太会缩句了
热乎！
普奇神父
十七分钟！
17分钟
神父？你这个神父能换碟吗？
善良
《空  巢  老  人》
7.6W在看
《和 蔼》
17分钟
血继界限 我：血界战线（？）
17分钟还热乎
18分
《我 不 傻》
因为你不是警察
我以为是个吊钩
十八分钟！
想和老爹斗斗吗
hhhhhhhhhhh
门上面怎么会有照片
互补
16分钟热乎
痷惊详核
19分钟有点烫
愉悦的神父
第一次见？门上的合照是怎么回事
《在屋顶的击剑》
怎么有股蛋黄派的味道
这俩不在一起很难收场
18分钟，出息了
纯氧警告
吊灯那个不还是没下来吗
拿来吧你
哈哈哈哈哈哈哈哈哈草。
我同意这门亲事
陆小宝与西门吹雪
更新啦~~~~
击剑？！
小丑竟是我自己
《 风 火 轮 椅 》
第一个投币哈哈哈哈哈哈
你就是非科学的还考虑科学
《气氛组》
《最后他们幸福的生活在一起了》
诶嘿 我也要加入 诶嘿哈哈哈
孝顺
专业素养
哈哈哈哈
jo厨狂喜
啊啊啊啊啊切切好宠！
血界战线（幻视）
咆哮吧，锅碗瓢盆（doge
来了来了
哦我懂了！小王穿越到了未来看到了石之海动画！！（什
真·爷青结
哈哈哈哈哈
是时候叫出超级飞侠了！
顺风眼：那我走？
18分钟
乍一看我还以为奶奶喷血了
周杰伦日！！！
烫嘴
二十分钟，我出息了！
《马大姐教你用H20制作水》
在打僵尸博士
聪明绝顶
热乎
？？？？
爱了爱了爱了实在爱
你俩在一起吧
那你俩在一起
热乎的！
安静祥和
魔法师
 20分钟！！
朝你大胯捏一把
请各位JO厨不要发与视频无关的内容哦～
芜湖
你们不要再打辣!你们这样是打不死……你们这样都会死哒！
哈哈哈哈哈哈哈哈哈
茄子也是jo厨？
击剑
击剑！击剑！
缩句带师
哈哈哈哈哈哈哈哈哈哈
《蝶游》
20分钟
十六号线 吃香蕉
这很难不柯学
《核蔼的老人》
好可爱
二十一分钟！
来条士力架
18分钟！！！
宇智波：那我走？
正义的伙伴，为了骑士至高的荣誉，出击吧！
哈哈哈哈哈哈哈哈哈
热的！！
啊啊啊可恶被甜到了
换 位 思 考
出息了
铁锅僵尸（确信）
普奇：你礼貌吗
《击剑》
《花少北和他老婆的晚年生活《》
不如你俩在一起吧！
返祖
自由美利坚，枪击每一天
你们可试一试做警车
恶灵骑士的老年生活
这语气太可爱了（*/∇＼*）
不是说出生前就断绝关系了吗？!
麻婆：开始偷税起来
第一次见为什么会有合照？
老清洁工了
贝爷：那我走？
22分钟
奶奶：孝死我了
硬 核 安 全
在一起得了
哈哈哈哈哈
《决战紫禁之巅》
《氢氧化氢》
荒野大镖客
热乎的
五万人你们好
奶   奶   的
弗拉德
哈哈哈哈哈哈哈哈哈哈
奶奶的礼物
钢铁侠
《见一见我这个孙子》
bgm忏悔神曲
骑枪冲锋
放轮椅过来吧
“安静祥和”
.
好野
椅子：你礼貌吗
哈哈哈哈哈哈哈哈哈哈哈
哈哈哈哈哈哈哈哈哈哈哈哈哈哈哈哈哈哈哈哈哈哈哈哈哈哈哈哈哈哈哈哈哈哈哈哈哈哈哈哈
刘老太：那我走？
《所以说待会儿你们怎么走》
23
周董《龙卷风》！排面
赶上了
《孝    顺》
棺材招人
6666
23分钟
磕都快磕！一位充当另一位的眼睛，一位充当另一位的耳朵，这两位爷爷的爱情注定圆满
承包空屏
热乎！
蹦蹦车
《恐 怖 奶 奶》
还热乎着
日光之城
那你俩在一起呗
众所周知，一氧化二氢含有剧毒，服用后会立刻身亡
所以在这之前：水 是 剧 毒 的
老三体了
囍
草好可爱啊哈哈哈哈哈哈
ohhhhhhhhhhhh
狼外婆
24分钟还能吃吗
13424人正在看
《基剑》
空屏芜湖~
千里眼与顺风耳的老年时期
老三体了
好耶
真击剑
好耶
25分钟
一剑西来，天外飞仙（doge）
！
吸血鬼是伏笔哦
能不能让我也看看动画
奶奶：不愧是你
热乎的
最早的一回25分钟
下界合金甲
第一次见面就有合照了？？？
低底盘哈哈哈
你吃了吗
哈哈哈哈哈哈哈哈哈哈
26分钟！呼呼
击剑
击剑
西门吹雪vs叶孤城
哈哈哈哈哈哈哈哈哈哈哈哈哈哈哈哈哈哈哈哈哈哈哈哈哈哈哈
马大姐教你用H2O制造水
核埃的老人
《没 有 假 期！！！！》
救命，笑死我了
好可爱
欸嘿
5万人
我说我自己
哈哈哈哈哈哈哈哈哈哈哈哈哈哈哈哈哈哈哈哈哈哈哈哈哈哈哈
好温柔！好宠！
《古老的糟粕文化》
来玩水
气氛组笑死
最强大脑
二十五分钟！！！
27
《朝 你 大 胯 捏 一 把》
安详
水还能喝
合影？？？？
woc一分钟
热乎的
吸血鬼…不是不会游泳吗
脱碳葡萄糖
弹幕以肉眼可见的速度增加
拿拿拿，没问题的，随便拿
烫手
@邓布利多（如果觉得是ky请无视）
自   由   美   利   坚
倒挂金钟！
27分钟
二十七分钟！！
缩句鬼才
大镖客？
25分钟我牛逼
水  猴  子
哈哈哈哈哈
嘿嘿
管理员倒吊男
好孙子
安静祥核
二十七分钟!
我靠 我以为她在喷血
决战紫禁之巅
《柿说猩语》
盲猜是小王奶奶的问题
说得好
二十八分钟
27分钟
柿 说 猩 语
28分钟我出息了
热乎的
27分钟！！！
加入他们
26分钟，我出息了
击剑（doge）
5.1万
这孩子从小就聪明
←“顺风耳”    “千里眼”→
太会缩句了
也没有假期
圣迪
手上都是印子（对不起我面壁）
P的
嘿嘿
精  神  病  院
28分钟
哈哈哈哈哈哈哈哈哈哈哈哈奶奶的
击剑
堂 吉 诃 德
哈哈哈
普奇点了个踩
中国boy玩耍现场
击剑
芜湖
《安静祥和》
《安静祥和》
三十分钟！！
第一次见为什么左上角还有合照啊
30分钟
，
斗...斗车？！
照片不应该是小王吗？？什么承太郎
半小时，已经凉了
倒dio人
孝死我了
在一起！（起哄）
30分钟
热乎的！！！！！
《紫极魔瞳》
jojo～
哈哈哈哈哈哈哈哈哈
爷青结
三十分钟
31分钟
击剑
《祥和》
看他智慧的眼神
解锁新声线
嘿嘿！
击舰
《老年法老》
老太：那我走？
下界合金
好耶
哈哈哈哈哈哈哈哈哈哈哈
神父打碟
我看到脑子了好像
？？？
好耶！
塔 塔 开
一某
？？？？？！！！！！
啊啊啊啊啊切切太可爱了
哈哈哈哈哈哈
31分钟！
我周末要加班
所以你们等会怎么离开，难不成又模糊一走嘛？
GTA5
你和北子哥硬生生就要一块出视频呗
学聋哑
车zhen了！
波鲁纳雷夫对战波鲁纳雷夫
《击剑》
《核蔼》
30分钟！！
击剑
自    相    眼     耳
又是你！神父
《如果我是DJ你会爱我吗》
草
西门吹雪大战叶孤城
《人口老零化》
小王哈哈哈哈
33分钟
32分钟!!!出息了!!!
没有小王
热乎的
好吗～
杰尼龟
《详和》
爷青回
索菲直呼内行
派大星
33分？？
车迪
《一氧化二氢的奇妙作用》
刚查完成绩就更新了
千里眼对顺风耳
普奇：有事吗？
哈哈哈
笑死了
《和蔼》
hhhhh
热乎
速度与我击剑
精灵旅社4！
脑 子 进 水
大娘：我好像不是这个意思
made in haven
柜子右边是承太郎吗
u
《奶奶的》
哈哈哈哈哈
ohhhhhhh更新啦
所以你们俩在一起吧（doge）
孝死我了
门上的照片就离谱
kdlkdl
5.3万（人多的离谱）朋友们好
真不错
关于姓邓的我以为朋友叫我这件事
下  界  合  金  套
神父打碟
《安静祥和》
聋瞎传奇
蕉个朋友
门上的照片……
不如……你俩互补？？
嘿嘿！
《智慧的声音》
哈哈哈哈哈哈
刘奶奶：所以爱会消失是吗？
35分钟还烫的！！！！
35分钟！！！！！！！！！
«邓布利多»
《倒铞男》
《安静祥和》
哈哈哈哈哈哈哈
34分钟
照片
安。  静
天才
哈哈哈哈哈哈哈哈
吸血鬼
芜湖
神父，换碟！
要不俩老爷子在一块儿呗？？？
哈哈哈哈哈哈
35
不用屑
36分钟 烫
智慧加颜艺，想起了什么？
《大声密谍》
好耶
三十五分钟！
气氛突然紫了起来
《恶灵轮椅》
不愧是你，小王
合照？？
36min
来了
你奶奶在你出生前就断绝关系了，那你的电钻是谁传给你的？
开警车麻烦不如坐警车吧（doge）
《没有痛苦没有小王》
真·食粮
有道理
《和蔼》
王  瀚  哲（确信）
击剑
普奇：你直接说我的身份证算了
不对劲
妈耶！！！！！！！！！！！
37分钟！
特码头——
好耶
紫气东来
出息了
？？？？？？
邓  超
全体上刺刀，准备进攻！
搞得我也把脖子扭了看
37分钟
氢二氧
《我的老年生活》
合照？？？
明明是三个人的故事有一个却没了名字
铁锈味 好喝吗 铁离子 好喝吗（x）
两耳不闻窗外事 一心只蹦圣贤迪
?
马 丁 神 父
论如何用H2o制造水——节选自某图书
爷青结
36分钟还没凉。
《见家长》
吕程吕程吕程吕程
37分钟不热乎了
龙耳
互  补
好耶
我笑了
安静祥核
咳咳
凉了凉了
汽车人，出发
三十八分钟，是不是来晚了
哈哈哈哈哈哈哈
决战紫禁之巅
38分钟
好耶
38分
你们一会怎么回去
老王就离谱
38分钟热一下还能吃
屑神父
39min嘿嘿
39分钟
38分钟!
水是剧毒的（√）
爷青结
热乎
哈哈哈哈哈哈哈
小帅哥快来玩呀！
互补
39分
安 静 祥 和
双厨狂喜
30分钟
刘老太：那我走
《击剑（物理意义）》
神父换碟
老蓝铜
爷青回
39我出息了！
真·硬核砖头
啊这
哈哈哈哈哈
5.3万人
你俩在一起得了
哈哈哈哈哈哈哈哈哈
哈哈哈哈哈哈哈哈哈哈
"40分钟,凉了凉了"
热！
41分钟！我出息了
说水是剧毒的都老三体了吧
四十分钟
普奇神父
其实
千里耳与顺风眼
这位是养老院的够的发的
？？？老太:小丑竟是我自己
哈哈哈哈哈哈哈哈哈哈哈哈
听不清！声音太小！
41分钟
击♂剑♂狂♂魔
哈哈哈哈哈
蚌埠住了
戴夫
40分钟我出息了
42分钟
他的上司还叫他小王
警长:看你奶奶
朝  你  大  胯  捏  一  把
41分钟
王老太：其实这个用不到腿
？？？
普奇:勿cue
“我折磨你的时候，你大可以走。我看你也挺乐在其中啊。”
我出息了42分钟
印子诶嘿嘿
西门吹雪与独孤求败
怀里抱个心脏
嘿，中世纪骑马决斗，现在开轮椅了嘿
哈哈哈哈哈哈
生灵有倒悬之急
爷青结
事情开始向不对劲的方向发展了
两  只  老  虎
为老太太献上活蹦乱跳的心脏
白蛇！！
好耶！
在蹦圣迪
翻脸不认人
这……
《你说啥》
爷青回
千里耳与顺风眼
击剑
42分钟！！
四十三分钟
刘老太当媒婆
击  剑
那你俩在一起得了
《我们仨》
击剑
神父换碟！
激烈的战斗
杰尼龟?
。。。。
→空条承太郎
？？？？？？？？？
小朋友竟是我自己
我把手机反过来 画面随之旋转……
44分钟
？
《不是一家人，不进一家门》
下界合金的笑死我了
哇晒！
势均力敌的战斗
《6.0》
下界合金套
紫 气 东 来
45分钟！
好家伙
孝死了
普奇
你们不要再打啦
老杨?
警长使用【水枪】   效果绝佳
热乎的
老人视力6.0没毛病，老花眼就是远视眼
记住这句话，要考的
有人吗
ohhhh
刘老太：？？？
奶奶：小丑竟是我自己
祖传开头
届不到的爱？
牛
击    剑
?
哈哈哈哈哈哈哈哈哈哈哈哈哈哈哈哈
46分钟，还行
h2o
基多拉
倒回4:53秒看，奶奶和小王第一次见面那来的合照？有猫腻啊
吸水鬼
各  怀  鬼  胎
有问必答的反派
上个世纪，开头那名吸血鬼在海里游泳，发现水能喝，所以才活下来，这里呼应开头了
《祥和》
热乎！！
安如磐石！！！天动万象！！！、
照片！！我觉得这是伏笔！！！！
哎谢谢啊
一片“祥和”
47分钟。
 还真是千里眼顺风耳-_-||
神父换碟
？精灵旅社？
确实
哦喔~~~
快拿博人传灭火啊
热的
哦，这醉人的表情
《猫狗大战》
@普奇
48分钟 ，我出息了
四十九分钟还是温的！
热乎的！
DJ在放爱的供养
49分钟岩浆热热还能吃！
血界战线笑死我了
刘老太:这里没我的事了
49串味了
那你们等下怎么回去啊233333
49分钟烫手山芋
49分钟热热还能吃
我带你们打
45分钟
50分钟
吸血鬼
50分钟
好耶，50分钟
5.1万人你们好
不和蔼的老人
一小时热热还能吃
杰尼龟！！
50分钟，得热热了
《缘分互补》
那我走
不是说小王出生前奶奶就和家里断绝关系了吗
50分钟在热域转转还能吃
所以这个运动不用腿
救命我兄弟外号老邓头（）
五万多人你们好
50分钟！
`《脖人转》
50
47分钟热热还能吃！
哈哈哈哈哈哈哈哈哈
51分钟
决战紫禁之巅
小王和八蛋
《脖人转》
进度条不简单
51分钟
倒  吊  人
而且合照还是小王是警员了
51分钟
轮到你了......
门 当 户 对
《老   毕    登》（确信）
安静祥和
击剑
击剑
好耶
 倒 吊 者
脖人转
缩 句 带 师
？？？
核蔼
事情逐渐就和谐了起来
不，水是剧毒的
游泳啊
4.9万观看
五十三分钟
《安静祥和》
大洋游侠？
《恶灵骑士》
哇shai
不是你怎么上去的？
《安静祥和》
击剑
不到一小时
奇妙的爱情又增加了
小王说得对啊
《 和    蔼 》
哈哈哈洗头了
54分钟
《相信科学》
笑死
《核蔼的老人》
孝死我了
西海岸
然后打着打着俩中二好上了（doge）
《 和 蔼 的 老 人 》
↑思想钢印
没看见刀子在滋血吗
大 大脑？
55风中
55分钟热乎
跳跳僵尸！（bushi
确实
吸血鬼
小王上线
普奇？
哈哈哈哈
哈哈哈哈
长 辈 必 备 —— 选 择 性 耳 聋 （doge）
恶灵骑士的晚年生活
水里充满化学物质：H2O
有生之年
偷税神父（确信）
刘老太唱起了届恋
。。。
好好好好好耶
梅维斯狂喜
原地牵手
再一小时之前截胡他
！热热还能吃！
你们都是我的翅膀
芜湖从！！！
亿 些 抱 动
《击剑》
我说麦扣，你力气这么大，怎么会拗他不过，还不是自己肯了？
56分
哈哈哈哈哈哈哈哈
血继限界哈哈哈
56分钟，那太阳炉热一热应该可以吃
《 击     剑  》
一小时
击剑
来晚了
恭喜恭喜
速速与我击剑
神父？打！神父！
吸水鬼
哈哈哈哈哈哈哈哈哈哈哈哈
快乐老年生活系列
乎热乎
祥核
橘势大好
59
《气动悬挂》
58分钟
大镖客好耶！
58分钟
茄奶奶！
善于听不见对自己不利的话
奶慈子孝
紫气东来
热的
哈哈哈哈哈哈哈哈小王真的太傻了
1小时
摩尔庄园扔水弹也是这样的
烫手
蜘蛛感应
《从未设想的道路》
杰哥不要啊
教练我也想蹦迪！！
觉得警长是误会那些老人了
等等，不是断绝关系了吗
♂♂♂
好温柔！好宠！
精灵旅社：3.5（doge）
真·转脖子
波鲁那雷夫
ko no dio da
绿色标识是一个小孩？？
《专 业 对 口》
喝福岛核废水了
礐   石
孝死了
收音机下面有一家三口的合照。
和蔼
核癌的老人们！！
安静祥和哈哈哈
"""科学"""
麻婆！！！
太好了黑暗侦探更啦
一小时！
跳跳车
水也能喝
这个小朋友是不是叫王瀚哲呀
战术倒挂
神父！能换个碟吗？
输了就娶她
别扯了，下界合金套不是这个颜色，这是铁套
一小时
一小时大门
？？？？
《优势互补》
好像是先吃到外婆再装外婆
选择性耳聋
安详
未曾设想的道路
奶奶的
和 蔼
安静祥和
好野
甲壳虫汁？？？
这两个老人家。。。
第一次见面为什么会有合照呢
猩概念神父
双出狂喜！！！普奇神父
和蔼
缩句鬼才
等量代换
……那你们怎么回去
虽然看不懂这个游戏 但是解说太好小了
一小时
草
哈哈哈哈哈
安 静 和 祥
击剑
爷青回
哈哈哈哈哈哈哈哈哈哈哈哈哈哈哈笑死了笑死了
雀食
老年恶灵骑士
这奶奶怎么觉得有点眼熟啊
可怕至极！养老院两位和蔼老人竟狂丢（老）番茄！这究竟是人性的扭曲还是道德的沦丧！！！！！！！！！！！
锅碗瓢盆，臣服于我（狗头）
1小时，还能热热
《千里眼和顺风耳的爱情生活》
赵丽蓉老师！！
背景音乐是柯南
好一个安静祥和
翻 脸 不 认 人
一小时！！！！！！！！！！！！！！！！！！！！！！！！！！！！
可以蹦圣迪
不是出生前就决裂吗？
可恶，石之海动画怎么还不来
从此他们过上了幸福快乐的生活
Avicii丧礼时，神父在打碟，不说了，Avicii Forever
《优     势      互     补》
生物学和化学奇迹。
那我走？
俄 罗 斯 养 老 院
《安静祥和》
？
普奇神父！！！
这不巧了吗
千里眼与顺风耳的老年生活 
草哈哈哈哈哈哈
下界合金套
奶奶的
哪里泚的血？
《和蔼》
击剑
他们可能不是因为争夺你而击剑的
真实
孝死我了
一小时！！
好可爱！！！！！
《天生一对》
啥？轰20？
耶 耶 check check 我爱吃人  吃的每个商场都关门  耶
一小时
好可爱￼
哈哈哈哈jo厨狂喜
哈哈哈哈哈哈哈
不开个写轮眼对视一下切磋一下幻术？
芜湖
击剑？！
老虚：笔来
百年好和
1小时热乎
似李一一一《王 瀚 哲》
爷  青  结
哈哈哈哈哈哈哈哈哈哈哈哈哈哈好哈哈哈哈哈哈哈哈哈哈哈哈哈哈哈哈哈哈哈哈哈哈哈哈哈哈哈哈哈哈哈哈哈哈哈哈哈哈哈哈哈哈哈哈哈哈哈哈
bgm《evenstar》
1小时
哈哈哈哈哈哈哈哈哈哈哈哈哈哈
靎靉的老人
一小时，难得！
哈哈哈哈哈哈
一小时！热乎
击剑
？？拿地毯织布？？
《科学》
磕都快磕！一位充当另一位的眼睛，一位充当另一位的耳朵，这两位爷爷的爱情注定圆满
断背山？
你俩在一起得了
海绵宝宝与派大星
密码
动画还没出，难道你也穿越了？
《恶灵骑士的退休生活》
出息了，一个小时
42分钟
爱情来得太快就像龙卷风
真想往上面抽一巴掌
nice
真是一个安静祥和的养老院呢！！！
M 
照片
第一次见？？？
这就离谱
刘老太：那我走？
6.0
你把脖子拧断了看一下
我还说这苹果怎么会爆水呢
波鲁纳雷夫
第一次见面应该是茄茄自己编的剧情，游戏里可能不是
不是没见过面吗？
一小时
《祥和》
那你们只能走路回去啦哈哈
《言出法随》
老三体了
《和蔼》
哈哈哈哈哈哈哈哈哈哈
《梦回日光之城》
dj：你别说，还有一个人每走，吊墙上下不来了
一个小时
一小时
“吸水鬼”——《日光之城》
一小时凉了
周董！
未曾设想过的道路
同样是人，老番茄却家喻户晓，我恨呐！
哈哈哈哈哈哈哈哈哈哈哈哈
《这孩子打小就聪明》
哈哈哈哈
刘老太：？那我走？？？
水是有毒的
哈哈哈哈哈哈哈哈哈哈
互 补 互 助
BGM一响，我DNA动了，大表哥，永远滴神
改装？
qka
《亲孙子》
？？？？？
《选择性耳聋》
jojo！
第三代恶灵骑士
马云                                                                                             乔布斯
刘老太：那我走？
思想钢印
戴夫老奶奶
奶奶的礼物
《核  癌》
一个小时！！！！
一小时，热热还能吃！
一小时，还好
千里眼与顺风耳的爱情故事
朝  你  大  胯  捏  一  把
这下诺贝尔奖是我的了
普奇：？
这智慧的表情
《击剑》
哈哈哈哈哈哈哈哈哈哈哈哈哈哈哈哈
伏笔！
   卧  龙  凤  雏
普奇神父
失踪人口回归
彻硕里有
哈哈哈哈哈哈
击剑
天才
为啥邓头这种外号这么广泛？我就被人叫邓头。。。。。
1小时！！
我磕到了！
你是怎么上去的？？？？
不对劲♂
祥核
业术专攻（doge）
40分钟，还行
《小朋友竟是我自己》
Rosedoggie！！
Dr.Dre         Snoop dogg 
一小时凉了
搞不好小王也开个什么眼啥的（doge）
yoooooo
爷爷才是真爱，奶奶只是意外（doge）
来了来了
救命啊哈哈哈哈哈哈
热乎！
普奇：？？？？？？
哈哈哈哈哈哈哈哈哈哈哈哈DJ~
姐妹来玩水啊
漂亮
1小时
我的青春没有后悔！
普奇：？？啊？额，好像确实
哈哈哈哈哈哈哈哈哈哈哈哈哈哈哈哈哈哈哈哈哈哈哈哈哈哈哈哈哈哈哈哈哈哈哈
血界战线的那个带我一个，小白最后真的让我哭了
换 圣 碟！！！
满配婴儿车
尿布
来了来了
蝶泳了几十年的大佬！_(:D)∠)_
决斗不得开个死眼
？
爷青回
蹦蹦车
你都聋了你怎么 听得到
波   鲁   那   雷   夫
哈哈哈哈
千里耳
纯氧警告
《没有痛苦》
奶奶肠缩
击剑♂
姐妹来玩水
哈哈哈哈哈哈哈哈P的
Made in heaven!时间加速吧!
第一次见那合照是什么东西
哈哈哈哈哈哈哈哈哈哈哈哈哈哈哈哈哈哈
老-----番------茄-----
dio觉得很high
。。。。。。。。。。。
一小时O(∩_∩)O
失踪人口回归
一小时！
哈哈哈哈
13:25
动画不是没出吗2333
←照片?
三万认呜呼！
脖人转救命啊哈哈哈哈哈哈哈哈哈哈哈哈哈哈哈哈
我把手机转过来看了一下
朋克养老
哈哈哈
一只哈巴狗，蹲在大门口，眼睛圆溜溜，想吃肉骨头。
表里世界又互换了？
哈哈哈哈哈哈
哈哈哈哈普奇神父
一小时
为什么警车能蹦来蹦去
倒吊人
的
你的车……
凉了
好可爱！
击剑
普奇神父：你直接念我身份证号好了
爷青结
13；27
好耶！
哈哈哈哈哈哈哈
气氛组笑拉了
普奇：报我身份证号得了
？？？？？？？？？？？、
为什么有合照
合照……！！?
哈哈哈哈哈哈哈哈
大问题
《安静祥和》
醍 醐 灌 顶
一小时用核弹热热还能吃
哈哈哈哈哈哈
一小时
荒野大镖客的BGM？
养老院气氛组
吸血鬼！！！！！
腿疾
好诶！
波鲁那雷夫
3.5万人好
麻辣聋瞎
一小时
1分钟，好耶水是剧毒的老三体人了
一氧化二氢含有剧毒
热乎的
朝 你 大 胯 捏 一 把（确信）
《视 力 6 . 0》
小朋友www
楼 上 的 老 张
一小时
你俩合体得了
新概念圣笛
科学
剑来
所以...爱不会突然消失，它只会突然转移（doge）
烫烫烫
他都没有挣扎，大概是自愿的吧
姐妹 来玩水啊
安静祥和
一个小时
？？？？
这个小朋友是不是你呀？
《中世纪老骑士早起决斗珍贵录像》
西  岸  匪  帮
有个人———！
烫手
这是两位老年痴呆患者吗
原来他是一个 深柜！
非战斗人员请撤离
激动
奶奶的？小王真孝顺，有礼貌
气氛组哈哈哈哈哈哈哈哈
爷青结
哈哈哈哈哈哈哈
开始机剑
《奶   奶    的》
我饿了
和蔼
安静祥和
我的世界行为
百战天虫？
一小时，用核弹热热还能吃
孝死奶奶我了
那我走…
《恶灵轮椅》？？？
加入他们
？
《老人》
一小时，凉透了
厚脸皮神父
求BGN
可恶，是水
求BGM
所以老太是千里眼+顺风耳
这是养老院？
《俄罗斯养老院日常》
朝  你  大  胯  捏  一  把
BGM起
哆啦A梦的BGM
奶奶：我凭空出现？
吊人
老年迪斯科？？
反 客 为 主
科学
来啦！！！！
芜湖
有你俩在还能“安静祥和”？！
波  鲁  那  雷  夫
安静祥核
让我做你的眼睛
哈哈哈哈哈哈哈
哥你说啥？    我让他滚！
哥你说啥？    我让他滚！
磕死我了
哥你说啥？    我让他滚！
哈哈哈哈哈哈
一小时
《科学》
击   剑
一小时
嘻哈僵尸
《养老院新DJ》
你俩在一起得了
赵老师都没你六（押韵歌Remix）
你以前没奶奶吗？
哈哈哈哈哈哈哈哈哈哈哈哈
确实
D I O
真柜人
什么玩意儿，内部先行放送是吧？
一个小时热乎
奶奶常缩
奶奶：礼物，拿来吧你
《击剑》
一小时
嘿嘿！
哈哈哈哈哈哈哈哈
不对劲
哈哈哈哈哈哈哈
我们在击剑（doge）
水是剧毒的
+
@普奇
普奇神父给你点了个赞
一小时
吾有一友（doge）
你俩干脆在一起吧
..........................
原来还可以这样！！
everstar?
他有一次刘海是朝上的
合？照！
«  孝  出  强  大  »
一心只蹦圣贤迪
说说吧
平行小王？
一小时热乎
真是伟大的发现呢。。。。。。
弹弹堂？？？
六月六看谷秀
奶奶：孝死我了
一小时一小时
《安静祥核》
 确 实 祥 核 
给他两脚
新式读书法
新概念和蔼
花少北:来玩水~
一小时
有照片？他们不是第一次见吗？
普奇神父！
看小猪佩奇
made in heaven
倒dio人
我还以为这是一副手铐
«  童  心  未  泯  »
ohhhhhhhhh
确实……
哈哈哈哈哈哈哈哈哈
无弹幕？
动作指导:花少北
核靄的老人
好家伙
《一起去登山》
《月圆之夜，紫禁之巅》
花少北:来玩水~
一小时
成~尤~
11116的人正在看真的离谱
一小时！！
狄更斯:你礼貌么
天生一对
警長 : 小王你別再給我添亂了!!!!!!!
这里感觉伏笔
一小时！！
击剑
《没 有 小 王》
孝出强大
哈哈哈哈哈哈哈哈哈哈哈
一小时
感觉合照是伏笔
一小时
《核 蔼 的 老 人》
好冷啊，不愧是你
病情交流
王瀚哲小朋友
请不要发底部弹幕遮挡字幕好嘛（捂脸）
恶灵骑士（轮椅版）
一小时
蹦圣迪哈哈哈哈哈哈哈
坏了 我成替身了
一小时
爷青结
奶奶呀您對於普通人這個詞彙是不是有什麼誤解hhh
一小时
下界合金套（崭新出场）
我知道是魔法魔法
击      剑
汉尼拔直呼内行
哈哈哈哈哈哈哈
好好反省一下人家都有外孙了你呢
击剑
《楼上的老张》
法\国管理员
用进废退
两个小时烫手
你俩，要不？
倒吊人
火影吗啊哈哈哈哈哈哈哈哈哈哈
哈哈哈哈哈哈哈哈哈哈哈哈哈哈哈哈哈哈哈哈哈哈哈哈哈哈
狼是在吃掉外婆之后，再装成外婆的
哈哈哈哈哈哈哈哈哈哈哈哈哈
庆祝
两小时
缩句带师
疯狂戴夫(doge)
一万人就恐怖
可爱的金发吸血鬼
热乎
一个“人”都没有，感觉暗藏玄机
？
贵！
警车:我要蹦圣迪！！！
"JOJO,我不做人了"
？？？？
刘奶奶：那我走？
超 级 玛 丽
这张照片是老东西拍的
小王有问题啊
h'h'h'h'h
有老王。
超级可爱小朋友
神父换碟
《跳  跳  车  车》
姐妹来玩水
上面那个，三体是不是看多了
哈哈哈哈哈哈哈哈哈
你相信引力吗
海盗军团抢宝藏
《蝙蝠侠大战超人》
神父:诅咒你
棺 材 照 人
《资深警官》
？
核蔼
两小时，还能吃
王   瀚   哲   小   朋   友
2.7万人在吗？
2h
《核癌的老人》
感觉是伏笔……？
就可以把老头老太给炖了，给李大爷吃了（不愧是我）
爷青回
爷青回!
互    补
感觉，好像美国啊，按在美国没啥违和感
姐妹来玩水啊
为什么不喝核废水呢？
等下，小王奶奶是怎么不受干扰的？
噻啰——呃走错了走错了
加油大爷
游过大西洋的吸血鬼
卧槽魔戒！！！
《朝你大胯捏一把》
？？等会？
吸血鬼
核癌
《戴安娜的老年生活》
一氧化二氢
…
这个bgm好像极乐迪斯科里的2333爷巨喜欢那个游戏
哈哈哈哈哈哈
氨禁响核
H 2 O
大声密谋
两小时！还热乎！
hardwell？
倒 吊 男
《缩句带师》
《     和      蔼     》
《普 通 人》
预言结局腿着回去，不然我倒立吃番茄
两小时！
选择性失聪
泪目
真·转脖子
为什么只有坏人才能蹲派出所我们也要蹲！
哈哈哈哈哈哈哈哈哈
击剑
霍元甲和黄飞鸿？
圣剑啊
哈哈哈哈哈哈哈哈哈哈
你们不要再打了，这样打是打不死人的（doge
《击♂剑》
哈哈哈哈哈哈哈哈
嘴遁
失踪情节回归
真    爷青结
这让我想起了吸水鬼。
哈哈哈哈哈哈哈哈哈哈或或
两小时
好可爱哈哈哈哈
“普通人”
《核蔼》
下界合金
水球？？？？？
警车：凭什么只有大爷大妈能蹦迪，我也要蹦迪
决战紫禁之巅
普奇：您报我名字吧？
恶灵骑士的老年生活
上面的一看就是老觉醒年代了
诸神黄昏
孝孝死我了
倒吊人
《带 聪 明》
你俩干脆在一起的了
哈哈哈哈哈哈哈哈哈
囍
你俩在一起得了
草
刘老太：你俩看我还有机会吗
出生前奶奶就断绝关系了，这个是假的吧
击剑
哈哈哈哈哈哈哈哈
紫禁之巅
来了来了！
哈哈哈哈或或
kono dio da
直接三连
两小时12.7万
他这么一更新，吓得我直三连
左上角？？？
唐吉可德
热乎的
都不好意思白嫖
??????
哈哈哈哈nbnb
热热的还能吃
他缩句一直可以的
热乎
哈哈哈
2小时
周杰伦周杰伦周杰伦
决战紫禁之巅JPG
??????
热乎
好像有个大脑标本？
日  光  之  城
《中门对狙》
2小时，热热
你说啥，你在哪呢，你说啥，你在哪呢
警车蹦迪
哈哈哈哈哈哈哈哈哈哈哈哈哈
第一次见面为什么有照片
URBBRGROUN
第一次见面为什么有照片
这是个魔法的世界
取 长 补 短
《 魔 法 类 案 件 》
《跨服务区交流 》
普奇神父？
杰尼龟：你很礼貌？
让我们一起黑起来好么
六个小时
刘老太：哦，那没我事了
哈哈哈哈哈哈哈哈哈哈哈哈哈哈哈哈哈哈哈
《不打自招》
大表哥
震惊！！！喝水的人最后都死了！！！所以水是有毒的！！！
好耶
恐怖奶奶
击剑
两小时！！！
科学
恐怖孙子小王
好耶！
神父！换碟！
死神来收人了
jo厨狂喜
刘老太:?
爷青结
两小时热乎
金发吸血鬼
神父，换碟！
其实是外婆吃掉了狼（doge
安 静 祥 核
水是剧毒的
觉醒年代后遗症↑
ko no dio 哒！
大表哥的bgm
空降04:54 左上角有小王和奶奶的合照
《和蔼》
呵呵哈哈哈
终于有脸
《空巢》
小王这是MC老手走路方式啊
好耶
《猩概念空巢老人》
好可爱好可爱好可爱好可爱好可爱哈哈哈哈哈哈
你俩在一起不就好了
《老人》
各   怀   鬼   胎
两小时!
神父换碟
吸血鬼吧
《太蹊跷了》
该加入他们( ﾟ∀。)
会跳舞的车
安全感
杰尼龟
《圣迪》
《中国boy》
为什么你俩不一起，优势互补呢
爷青回
选择性失聪
物理食粮
《后天学习行为》
Made in heaven. ！！！
可爱茄
我也妹想到
好家伙，两个人完全不在一个频道上
哈哈哈哈
蹦圣迪
争夺周深
2小时
我外号老邓头
视频还是热乎的
老太太：那我走？
好好笑哦
J  D  M
越来越合理
吸水鬼
芜湖
《免费洗头服务》
太宠了
两小时
2个小时凉透了
带着眼镜的邓姓胡子老头，嗯，很妙（格兰芬多红）
水是剧毒的老三体了
这个刘大娘她自恋一直都可以的（doge
西门吹雪与陆小凤（夕阳红版）
朝 你 大 胯 捏 一 把
喝酸奶呢，看这个喷了一脸
可恶，是HSO（bushi
想见上帝(doge)
恶灵骑士（老年版）
哈哈哈哈哈哈哈
波波！！！
我饿了，我去上个厕所（doge
@普奇
互补型夫妻
只有刘大娘受伤的世界完成了
比尔·希恩斯：这可不得拿个诺贝尔奖啥的
两小时！！我出息了！
俩小时，用核能热热还能吃
给大家看看农村的气球有多么的水嫩多汁～
风                          早                          巽
两个小时 还算热乎的
两小时，热乎的
叶孤城                  西门吹月
哇
两小时，凉了
圣安地列斯诚不欺我
《隔代遗传》
气氛开始微妙
不对劲
两个小时，得拿大伊万热热！！！
击剑
糟粕（指吃面包）
热乎！
哪个打赢跟哪个～
旗鼓相当的对手
房 顶 的 老 张
红
弹幕呢
血继限界，不死不灭
养奶院
经典开头
王七点五！
两小时  还热乎
爷青回
好烫
哇！荒野大镖客的配乐！DNA懂了
你们都是捡来哒[流口水]
孝死我了，太孝了
盲猜奶奶不对劲
？？？？？
两小时，还热乎着
《击剑》
刚刚那个轮椅好像汉尼拔红龙里面的一个片段
两小时
春物里的 THE ZONE!
哈哈哈哈哈
哈哈
《安全》
商见耀？
哈啊哈哈哈哈哈哈哈哈哈
照片！上面有和小王的合照！！
《孩  打  聪》
脖子
牛顿： 这 很 科 学
火影忍者狂喜
哈哈哈哈哈
决战紫禁之巅
丢老番茄
哈哈哈哈哈
两小时
hhhhhhhhh
确实！
H2O
孝死我了
哇哇哇两个小时
好耶
干饭人
？？？？
哈哈哈哈哈哈哈
我也饿了
照片！！！
哈哈哈
没有老王
确实
2小时还可以食用
摇摇车
热乎的
自断后路
哈哈哈哈哈哈哈哈
我不做人了！JoJo！我要成为超越人类的存在！！！
花 少 北 ！！！！
《安静祥和》
好耶
《决战紫禁之巅》
不是聋了吗
欧拉欧拉欧拉欧拉……木大大
好耶
2.3万+
ko no dio da!
3小时
言艺日常
义正言辞
《华山论剑》
来玩水啊姐妹们
腿疾跟手有什么关系
注意“诈骗团伙很猖獗”
好颜艺
李云龙直呼内行
亮剑
《祥和》
爷青回！
棺材照人
乔纳森   承太郎（突然幻视）
《安  静  祥  和》
我也是经常被人叫老邓头(我还是个女的)
mcmcmcmc盔甲！！！
梦幻联动
3个小时！
草
申遗！
击  剑
葫芦娃葫芦娃一根藤上七朵花
新概念核蔼
情況從糟糕變成難以理解.jpg
三小时
孙子！
爷 青 结
好耶
哈哈
哇这身衣服就很对味
挥洒吧，这就是青春
这也是蹦圣迪↓
回合制
邓布利多
《朝你大胯捏一把》
好耶！！！
那你们俩在一起岂不绝配？
三小时
水是有剧毒的
这配音笑死我了
三个小时丢进岩浆勉强能吃
颜艺
《天堂制造》
上 下 起 伏
说的太对了！
击    剑
哈哈哈哈哈哈，
孝 口 常 开
你们怎么回去
3小时哎
啊啊啊可爱番茄！！
核蔼
楼上的老张
孝死我了
*
牛的一批
极 乐 迪 斯 科
盛腐蛆呕呕呕呕呕呕呕呕呕呕呕呕呕呕呕呕呕呕呕呕呕
好可爱啊
离谱哈哈哈哈哈
智慧的眼神，智慧的脸
思想钢印的屑
倒吊人
♂♂♂♂♂
大脑进水
哈哈哈哈
金发傲娇，ilil
ohhhhhhhhhhhhhhhhhhhh
好耶好耶
《脖     人     传》
好早啊啊啊啊
吸水鬼
使劲忍↑
《见家长》
三小时，凉了
哈哈哈哈哈哈哈哈哈
十分坚固
乖孙子
跨服聊天
《尊 老 爱 幼》
声音好像派大星
弹幕关了， 全是几分几分
叶孤城和西门吹雪。
尾  气  轮  椅
左上角的合照！！！
可以去吃外面粘着警车的糖浆（doge
硬核转脖子
水是有剧毒的——《三体》
合照不对劲啊
Wryyyyyyyyyyyyyyyyyyyyyyyyyyyyyyyyyyyyyyyyyy
我还以为奶奶在喷血
托梦？
中原中也（
《转脖子》
居然还会抢答？
？？？
《恶魔城：月下夜想曲》
哈哈哈哈哈哈
两岸猿声啼不住~
啊啊啊啊啊啊啊啊啊啊啊啊
两岸猿声啼不住
《击剑》
新 概 念 视 力
阳佬院（指全是摇摆阳）
一心只蹦时圣贤迪
[Made in heaven]
击剑
3小时
《科学》
蚌埠
哈哈哈哈哈哈哈哈哈哈
哦，宁就是小王吧
原地结婚
搓碟的神父，奇普神父，JOJO的奇妙冒险石之海
下届合金套装
血继界限都冒出来了
雀巢化
是谁要在轮椅上飞行？
蟹不肉
安静祥和
和蔼不和蔼不知道，老人家们害挺前卫
诺贝尔生理学或医学奖
下面花少北的你礼貌吗哈哈哈哈哈哈哈
姐妹来玩水↓
三小时
除你武器
芜湖~起飞了我！！！
接着奏乐接着乐
乔斯达：这个我熟
？？
击剑！
你们在一起吧
无中生友
三小时，凉透了
牛了掰了！
小朋友竟是我自己
哈哈
物理
照片
可能是腰不好，拉伸运动
3小时，还行呼呼
玫瑰狗！
柜人
笑死
2.1万+人你们好（doge)
吸血鬼
鸭一波，奶奶这有反转，没有算了
好耶！
莫名好宠啊哈哈哈哈哈哈哈哈
三小时了呜呜
蝶泳的吸血鬼！
这有点像4399中的某个游戏
击剑
急支糖浆
很难不确实
击剑
这不是养老院，这是疯人院吧
今天上午才看过三，好家伙，下午就来四，真就离谱呗
箭头向上，这是负楼层？
《关于所有吸血鬼都叫德古拉这档子事》
真·爷青结
《没有小王》
和蔼可亲
周杰伦和林俊杰的老年生活
媕竸佭∑
脖人转xswl
没有小王，有老王
3小时！！
《恶灵骑士的老年生活》
安 静 祥 核
爷青回
核癌
俄罗斯的一家养老院现状
《小  朋  友  竟  是  我  自  己》
哈哈哈哈哈哈救命，为什么养老院会有DJ啊
3小时
你俩在一起呗
在扔番茄
你俩在一起得了（doge）
三个小时！岩浆里滚滚都凉了
好耶小王也没去成live
那你俩在一起吧
击剑
3小时还热乎
感觉刘大娘嘴跟穿模了一样，和毛衣一个色
海  绵  宝  宝
毫米眼与逆风耳
好耶
那玫色口红好亮眼
击剑成功了属于是
爷青回
速来与我击剑
不，水是剧毒的
哈哈哈哈哈哈好
我吸血鬼只想过一个平静的生活 「doge」
我还以为这是斗牛呢
哈哈哈哈哈哈哈哈哈
三个小时！
捏大胯？
气氛组nb
牛逼
3小时！（（！！目
嗬嗬嗬
牧雨上仙法力无边
花京院典明 发动了 【绿宝石水花】！效果不一般！
是你吗？戴安娜！！
热乎的
三小时！
上帝：我不认识他
《春季里开花》
《千里眼与顺风耳》
命运的织机
↑那是易烊千玺！ 你个假粉丝
俄罗斯养老院课件活动
气氛组笑死。
戴安娜
哈哈哈哈哈哈
嚯
神父路过
爷青回
JOJO
击……
某个不可燃物突然探头
？？？
两万人在看。
刘老太:同妻竟是我自己
物理食粮&精神食粮
神父别搓碟了
老太太：那我走？
好耶！
《安静祥和》
上个世纪，一外国吸血鬼发现水竟然能喝...
怎么说呢，自己给自己加班？？？
爷青回
原来是你打的碟
《你们不要在打啦！》
神 父 换 碟
四小时，放岩浆里热热还能吃
奶奶为什么没被影响？
普奇神父
四小时
墙上的照片是阿强吗？
《回合制游戏》
生灵有倒悬之急
哈哈哈哈哈
来啦
汉尼拔的等我
击剑
爷青回
哈哈哈哈哈哈哈哈哈哈哈哈哈
合照怎么回事？
四小时！
第三集时小王说奶奶留给他的电钻 可见不是初见奶奶
注意照片
这么快就见家长？
喝核废水dog
指环王的bgm？
四个小时
炫耀自己有奶奶
哈哈哈可爱
duel!
这好像是蓝色多瑙河的曲子？要做什么？
《空巢老人》
简●皮耶尔●波鲁洛拉雷夫
击♂剑
苍苍苍白的脸色？
第一次见左上为啥会有照片？
四小时～
四小时，核弹炸一下还能吃
未曾设想的道路
刘奶奶：那我走？
安静祥核
王宗翰小朋友
都是老三体了 
魔法影忍者
《红  龙》
不，水...水是剧毒的！！！
魔法影忍者
 进度条告诉我们事情没那么简单
底盘跑车
卖鱼强草
小王的奶奶还挺叛逆哈
小王的奶奶还挺叛逆哈
？？？？
有问题
请收下我的膝盖
来了
红红火火恍恍惚惚
哇
DIO
杰尼龟惨遭迫害
《安详的老年生活
你们不要再打了啦！
核蔼
《核癌氪氢》
？
4小时，热一下还能吃
养老院第一届电焊大赛现场（不是
哈哈哈哈哈哈哈哈哈
《用H2O制作水》
哈哈哈哈
哈哈哈哈哈哈哈哈哈哈
优势互补
《轮椅骑士之花落谁手？》
蹦警迪
嘿嘿！
李奶奶
柜 人
范  迪  塞  尔
看合影！！！！！！！！！！！！！！！！！！！！！！！！！！！！！！！！
中门对狙
？？？
动画还没出
一路火花带闪电
马冬梅啊
《奶奶的》
四小时 
终于！！！！
不用泻
哈哈哈哈哈哈哈哈哈
《骑马与砍杀》
来了来了
《轮椅骑士之化敌为友》
安静祥和
击剑
杰尼杰尼！
“惊天动地“
自由美利坚 枪击每一天
普奇神父
为什么
为什么只有警犬没有警狗
爷爷！！！！！
老三体了
？？？？？？？
普奇：你礼貌吗
《㜝鵛鱶靏》
哈哈哈哈哈哈哈哈
目目目目目目目目目hhhh
哈哈哈哈哈哈
《耳朵不好》
马什么梅？
哈哈哈哈哈哈
hhhhh
哈哈哈哈哈哈哈哈哈哈哈哈哈哈哈哈哈哈哈哈哈哈哈
阖鑀㤫蘭紉
楼上的老张（爱击剑）
四小时，热热还能吃
氨  静  翔  核
4小时，热热还能吃
那个游戏！
哈哈哈哈哈哈哈哈哈哈哈
真“爷”的青春
《有理有据》
男同竟在我身边
旗鼓相当的对手
轰20（bushi）
神父！换碟！
三人互补是吧
ps的假照片？
孙哥我火辣
？？？？
OHHHH
《远视》
儒雅随和的老人
全站排行榜最高第10名？？？？？？？？？？？？？？？
爷青回
哈哈哈哈哈哈硬核转脖子
确实
 《马大姐教你用H2O制造水》
格陵兰岛禁止船只通行了
孝出强大
《小朋友竟是我自己》
？？？？？
是小王吧
左上有合影
老当益壮
核废水？？？？？
？出带问题
王麦（？）szd!兄弟们！！
拉罗贝斯
00
真-安静祥和
老当益壮♂
老  番  茄
dio！
情敌变情人:D
太烫了
狼会装成外婆
戴安娜的晚年生活
左上角这个相框
王奶奶敲门，开
柜人
哈哈哈哈哈哈哈
《我只平A了一下结果他闪现技能全交了》
中国拜超级小朋友
牛脑台
三句话让男人为我决斗
气突基
5小时，核弹热热还能吃
voodoo
动画还没出
弓前手大作战
哈哈哈哈哈哈哈哈
big bang
不对劲
.
隔辈亲
哈哈哈哈哈哈哈哈哈哈哈
吸水鬼
磕到了（doge）
哈哈哈哈哈哈哈哈哈哈
我们宿舍
我吉良吉影只是个普通人
热乎
将手机翻过来的我真的很狼狈
你怎么回去啊
燃起来了
Made in heaven
此处应有bgm：突如其来的爱情
终于等到你了！！！
老 年 堂 吉 诃 德
7小时，热热还能吃
吸水鬼
《安静祥和》
不捧不踩老番茄什么时候能出一期正常的视频，想看。
击剑～
警長你很寵小王啊?!!
丞相何故大笑
居然有合照！有鬼！
 莫名像中国boy（doge
吉良吉影（幻视）
大家就当做无事发生
和蔼？？?
这儿住的都是黒子吗哈哈哈哈
5个小时。。。。。。彻底凉了
安   静   祥   和
格得温老太太
哈哈哈哈哈
好耶！！！！！！！！！
击   剑♂
这画质  太清楚了
你是不是还有个朋友叫dio
五小时
狄仁杰：如果我不做仁了，你还会爱我吗
下面这个多笋啊
..........
想到了一个4399里的水枪游戏
“安静祥和”
我的青春没有后悔！
不光能开警车，马上还能坐警车
6.0=3只2.0−老大爷3只眼睛，是杨戬！
白天还得深潜？
轮椅大镖客
奶奶的礼物
哈哈哈哈
神探伽利略BGM
更了万岁！
最 后 的 骑 士 比 武 大 会
JOJO的老年生活
人类返祖现场
好耶！
游了几十年到美国的吸血鬼
核废水[doge]
磕到了
这不是老番茄吗怎么是水气球？？
确实()
刘老太：灯泡竟是我自己
《安静祥和》
轮椅击剑！
诺贝尔复活奖（doge
哇，柜人！
大表哥的bgm
五小时？不能吃了呀
哈哈哈
5小时
哈哈哈哈哈哈哈哈
击♂剑
杀戮天使！
“丐版”恶灵骑士？
决战养老院之巅！
《安静祥和》
德古拉不是早就被范海辛给宰了吗？
？？？
那个水是剧毒的三题看多了吧
你怎么知道
Five hours. 干得漂亮
戴安娜是你吗
who怕who
？？？？？？？
吸水鬼，前后呼应
《科学》
普奇：？？？
duel！
1.9万人一起看
我们？
狼外婆那个你哔嘴！！！
确 实
理由充分
爷青回
爷青回！！
老大爷，你们这样玩，得加钱
哈哈哈哈哈哈
拿来吧你
背景是祖神兽！世界之魂已然回归！
黄老板的《Bad Habits》『doge』
科学
也不是并无道理
是不是大镖客的bgm
科学
《 概 括 》
哈哈哈哈哈哈哈哈
《安静祥核》
《无 中 生 友》
草
奶奶那里怎么有她和小王的合照？
姐妹来玩水
哈哈哈哈哈哈
老李头呢？
好家伙
……
芜湖~
哈哈哈哈哈哈
热乎的
磕到了
一万人同时观看
老火影人了哈哈哈
哈哈哈哈哈哈哈哈哈这发展走向
哦豁 来啦来啦
击剑
《和  蔼  的  老  人》
这个警长就是逊啊
红红火火恍恍惚惚
《普通人》
神父换碟
核礙
ko no dio 达
在一起！在一起！
第一次见为啥有个合照，不对劲
啵啵
哈哈哈哈哈哈哈 哈哈哈哈哈哈哈
击♂剑
愤      怒       大       司       教      
击剑♂
神父换碟
？？？不是出生前就断绝关系了嘛
想必各位一定是吃了红伞伞吧啊哈哈哈！！
倒吊人
爷青回！
倒吊人 波波 然后画像还是jo太郎
画像是承太郎
谢谢你
《千  里  眼  顺  风  耳》
把白蛇的插头拔了
《安静祥和》
仔细看右下角有个点点↝！！！！
水是剧毒的那个老三体了
Over Heaven
+
ohhhhhh
诶？我博人传呢？
科   学
击剑
承保空屏
这片空屏我包了
六个小时
可恶，是一氧化二氢
JOJO！！！
还以为是一只手抓了个球
击♂剑
恐怖奶奶
嘿嘿
哈哈哈哈
热乎的！
？？？
没有小王
在一起得了
老火影了
NB
ohhhhhhhhhhhhh
普奇————
《空巢老人》
李奶奶
哎呀我的天！！太可爱了茄茄子！哎嘿！
杰尼杰尼！
第一次见面有合照
确实
好耶好耶好耶好耶好耶好耶好耶好耶好耶好耶好耶好耶好耶好耶好耶好耶好耶好耶好耶好耶好耶好耶好耶好耶好耶好耶好耶好耶好耶好耶好耶好耶好耶好耶好耶好耶好耶好耶好耶好耶好耶好耶好耶好耶好耶好耶
《科学》
ko no dio da
他来了，他来了 他迈着矫健的步伐过来了 
好家伙
动画还没出！
哈哈哈哈哈哈哈哈哈哈哈哈哈哈哈哈哈哈
←等一下，这照片是啥
恶灵骑士晚年使用的轮椅
最近老年人越来越有活力了
确定不是在斗牛（噢不，车？）
老年人康复中心
made in haeven
訸霭
一片“祥和”
墙上照片上写满了无敌
蓝色多瑙河————小约翰•施特劳斯
哈哈哈哈哈哈哈哈哈
安静祥核
“和蔼”
安波里欧yyds
那待会怎么开走
承包魔戒音乐
妙啊
邻家索菲
《核   矮    的    老      人》
爷青结
爷青回
毛衣针有它自己的想法
哈哈哈哈哈哈哈哈哈
大爷，来玩水呀
   《神    父》    换碟
鬼 人 正 邪
《心   谋   不   轨》
摔落保护呢？
击   剑
小朋友竟是我自己
离不开暴风圈来不及逃
反过来看，你会发现。。。
我不要再想，我不要再想，我不我不~
我的青春没有遗憾！
扔水汽球的屑（狗头
白嫖铁套
你们不要再打了啦！
速速与我击剑
住手！住手！你们不要再打了啦！住手！
第一眼以为奶奶在喷血……
哈哈哈哈哈哈哈哈哈
愤 怒 司 教
神父搓碟
答案是吸血鬼
...
究极生物眼里的小面包罢了
“气氛组” 好定义！！！
更新了 爷青回
dio那时还是初中
承包空屏
时间不多了，该干点啥干点啥吧（doge)
有脸了？！！！！
《和蔼老人》
霍元甲大战黄飞鸿
老于
吸血鬼？！
盲猜奶奶一会儿抱住警长
为什么只有奶奶正常？？
牛顿
左上角的照片！！！！！！！！！！！！！！！！！！！！！！！！！！！！！！！！！！！！！！！！！！！！！！！！！！！！！！！！！！
戴安娜？
扔番茄
《科学》
辅警能不能开警车事件
吸血鬼？
《安静祥和》
laofanqie
哈哈哈哈哈哈哈哈哈哈
击剑
老火影了
紫气东来
Jenny
杰尼杰尼
氨驚飨核
核碍
恶灵骑士
六小时，凉了
东海聋王        瞎兵蟹将
爷青回
哈哈哈
有种蒋白棉和商见曜的即视感
好耶
？？？
哈哈哈哈哈
思考到有脸
哈哈哈哈
震惊
哈哈哈
顶上战争（dog）
战术沉默
哈哈哈哈哈哈蹦圣迪！
好耶
《这就是街舞》
哈哈哈哈哈哈
击剑
神奇
哈哈哈哈
邓超
上面的老思想钢印了
血味儿脉动
普 奇 神 父
我去哈哈哈哈
老头表示：小伙子，你不讲武德！
哈哈哈
白帝圣剑
哪个打赢跟哪个--输的那个踢断le八骨
«小王的爷爷奶奶»
刘老太“完了，我成替身了”
普奇:你礼貌吗 ？
哈哈哈哈哈哈哈？？？
哈哈哈哈好憨
哈哈哈哈哈
我笑死了
奶奶走吧，让这俩击剑选手自生自灭
暗   荆   翔   核
铵㵾曏核
《重量级互殴》
朝你大胯捏一把
老年至尊宝
调   头
神父，换碟
有合影说明小王和奶奶以前就见过，不是第一次见面
屑神父！
智慧的眼神
我不傻
和蔼可亲
为啥你这么了解这些老人啊？
♂♂♂♂♂♂♂
听成血界战线www
中门对狙
你俩一起得了
《茂名智能衣柜结构示意图》
刚被恶灵骑士坐过
                                                         塞萨尔•维阿潘多
真の千里眼和顺风耳
嘿嘿嘿嘿嘿
安全感（物理上的
空巢老G表示不服
击剑
《祥。 和》
千里耳与顺风眼
这不在一起？
哇 好大（？）
核蔼可亲
望远镜
gay
阿这
《氨尽翔核》
赞
嘿嘿嘿
阿良良木历直呼内行
爷主日回！！！
和蔼
朝你大胯捏一把
氨惊祥核
确实
爷青回
这个小朋友是不是只猩猩⊙﹏⊙
宁吃了吗？
说明这是一位吸血鬼
《爷 青 结》
普奇这时打了个喷嚏
《雀 巢 老 人》
@普奇 白蛇
小王才是最可爱的啊！
湖边小屋的大叔？
七小时，蘸上老番茄酱还能吃。
为什么有布娃娃？有小女孩吗？合理怀疑小拉
收藏15万更下一期
神   父
就很棒
住在安全通道里的奶奶
老年  痴呆
击剑
爱情就是彼此伤害，彼此和解，彼此完善自我
完了遇到柜人了（）
华山论剑
哈哈哈哈
徐伦！(哭腔)
疯狂戴夫
哈哈哈哈
热乎热乎
ko no DIO da
神他妈安静祥和
大表哥好评
FBI OPEN UP!!
热乎
？？？？
车zhen
海绵宝宝和派大星
击剑
智力老龄化
安静祥核
波波的老年生活
那回来就回不去了（doge）
哈哈哈哈哈哈哈哈哈天作之合
哈哈哈哈哈哈
老火影人儿了啊
芜湖
？？？？？？？
高情商
带相机的那种吗 ？
8小时。Due days.
吼吼
核挨
一掐一兜水
神父，换碟
《读安屠生睡前故事》
dj\\豆浆
所以咱们玩纯氧吧
老太:那我走
思想纲印^
核霭
枕头大作战
爱情来的太快就像龙卷风～
风火轮???
大表哥
空格键跳跃
哈哈哈哈哈
练练
《海绵宝宝与它的奶奶》
不用shit（doge）
突然三体√
哈哈哈哈哈哈哈哈哈
一
"八小时,假粉了"
哈哈哈哈哈哈哈哈哈
嘿嘿
《安详》
12个小时热热还能吃。
《有   判   頭》
白学构图（老年版）
不，还有尼古拉斯
《见家长 》
快申遗！
见 家 长
dio直说低级
哦吼吼
弗拉基米尔伯爵
安全标示是往上诶
弗拉基米尔
孝顺
啊！！！！！
《安静想好》
快乐永远是短暂的
蹦迪
哈哈哈哈哈哈
即可
能不能回家就你那能叫姐姐斤斤计较斤斤计较
我免费了！我免费了！！！
安静祥和
卢正雨觉得这个设定很赞
小丑竟是我自己
圣安地列斯诚不欺我
《大侠卢小鱼之夕阳红战队》？
所以h20什么时候下水
GTA
两天小长假哈哈哈哈哈哈哈哈哈
8小时！！！
长大了我要当太空人爷爷奶奶可高兴了给我爱吃大嘴巴子
《普通人》
哈哈哈哈哈哈哈哈哈哈
BGM给满分
来了来了
左边中间的那个照片有点像承太郎
好耶
圣迪哈哈哈哈哈哈哈哈哈
湿身
GTA诚不欺我
小王hhhhhhh
击剑
《盲龙默虎》
好短....
《    蜻    蜓    队    长    》
大侠卢小鱼之夕阳红战队？
哈哈哈哈哈哈哈哈哈哈哈哈哈哈哈哈哈哈哈哈
Made in heaven
哈哈哈哈哈哈哈哈哈哈哈哈哈哈哈哈哈哈哈哈哈
缩句大师
？？？？？？？
炽 热 的 决 斗 者 们
哈哈哈，就离谱
？？？
鸣人搓丸子
机甲
哈哈哈哈
诺贝尔欠吸血鬼们一个奖
男♂ 人之间的战斗
靎 譺
上，射手
哈哈哈哈哈哈
？？？？？？？？？？？？？？？？？？？？？？？？？？？？？？
思 想 钢 印 竟 被 打 破
哈哈哈哈哈哈
DJ老头
？？？
哈哈哈哈哈哈哈哈哈哈哈哈哈
哈哈哈哈
？？？
8小时，丢岩浆热热
普通人？
爷青回
哈哈哈哈哈哈哈哈哈哈哈哈哈哈
吃了红伞伞
笑死
孝死奶了
老三体人了
？？？？？
.
前面老张那个离谱哈哈哈
语言指导：花少北
安静祥和，简称安祥
？？？？
那核废水呢？
4399枕头
哈哈哈哈哈哈哈哈哈
哈哈哈哈哈哈哈哈哈哈
俄罗斯姓王小朋友(doge)
在基建上击剑
没出生的时候？？？
老年版恶灵骑士？
哈哈哈哈哈哈哈哈哈哈哈哈哈哈
轰20！是轰20！（错乱）
哪个打赢跟哪个
我还以为奶奶飚血了
那可能现场照的挂那儿【dog】
66666666
不愧是你
《小 王 这 孩 子 打 小 就 聪 明》
普奇：勿cue
小王这孩子打小就聪明。
ye∽
哈哈哈哈哈哈
徐伦啊！(哭腔)
神父换碟，最为致命
未曾设想的道路
《安静祥和》
哈哈哈哈哈哈哈哈哈哈哈哈哈哈哈
9小时，放地核热一下还能吃
王  瀚  哲
《龙卷风》
车整（狗头）
你们不要再打了啦
决战敬老院之巅
《恐怖奶奶》
见家长
世纪大战
杀杀杀 杀杀杀
圣 安 地 列 斯
上帝在蹦迪
更了！
左上合照？？
哈哈哈哈哈
黑暗王子
《新概念神父》
？？？？？？
hhhhh
《蹦   圣   迪》
哟呼诶嘿啊哈～～
《给   你》
又是熟悉的没听清
她甚至没有挣扎，大概是情愿的吧
左上角的照片哪来的！（呆）
这里都能看到张杨哈哈哈哈哈
所以轮椅是什么材质的能让火烧这么久
呀，好像烤焦了
出来吧，青眼白龙
《佬人》
你们不要再打了！
《化敌为女友》
再扔老番茄
看着智慧的眼神啊
哟我超哥
是蹦蹦车还是跳跳车啊
真·击剑
真·耳朵不好
门上面的合照？？？
iiiiiiimm
急支糖浆：为什么要追我
那你饿死吧
23333
疯狂戴夫是你吗
握草，第一次见哪来的合照看左上角
没有了音乐就退化了耳朵
小 聋 瞎
不存在的记忆又更新了
《安静祥和》
那是合照吗
哈哈哈哈哈哈
警长你还活着吗
奶屋藏娇
大爷：嘿嘿想不到吧我是cj
菠萝吹雪
H2O
我还记得第2集的吸水鬼
233333
铁甲小宝
要打去练舞房打！
发 光 鱿 鱼
发 光 鱿 鱼
就是个普通人？？？就是这里有不普通的人也是正常的事
奇怪，非常奇怪
天堂制造
made in heaven
神父，换碟！
《和蔼》
哈哈哈哈哈哈哈哈哈哈哈哈哈哈哈哈哈哈哈哈哈哈哈哈哈哈哈哈哈哈哈哈哈哈哈哈哈哈
所有吸血鬼都叫德古拉
击剑
神父换碟
@普奇桑～
奶奶的礼物笑死
好耶
在织毛衣啊，我还以为奶奶滋血了
朝你大胯捏一把？？？
哈哈哈哈哈哈哈哈哈哈哈哈
击 剑
独孤求败
??????????????????????????
美国行为
美国行为
神父打碟哈哈哈哈哈哈哈
好可爱呀切切！！！！！！！
《气氛组》
Bgm突然变得很有点子起来
核癌的老人
哈哈哈哈哈哈哈哈哈哈哈哈哈
渣像素
《安静祥和》
奶奶的
普奇神父？
《茄警官教你用H2O制作水》
爷青会
奶 奶 的
好耶
蹦迪现场
懂了，小王是上面的
逐渐焦灼
《安静祥和》
水是剧毒的
接招吧，普奇神父
《神父》
救命茄茄太可爱了
古有华山论剑，今有养老院大爷房顶论命长
荒野大镖客
为什么奶奶和小王照片出现在左上角
《氨肼蟓核》
《互补》
脖子右拧
我当了小三儿，成了傍尖儿，这事儿没法翻篇儿
？？？？？？？？？？？
哇太科学了
《击剑老爷爷》
哈哈哈哈哈哈哈哈哈哈哈哈哈笑拉了
老   必   登
行为指导:凸守，丹生谷
十小时
吸血鬼怕水的啊
气氛微妙了起来
没有小王
???
好有道理
 恶 灵 残 士
选择性失聪
會
和蔼的老人
老 年 迪 斯 科
10小时，凉凉
自古对波左边输
弹弹堂
《朝你大胯捏一把》
这么看来，小王是1？。
空壳恼人
张震岳？
好耶
合照是怎么回事
不，你不是第三者，因为他们两个互相爱慕（）
和蔼的老人
夕阳红战队，老队员了
十小时！
史蒂夫的疑惑
恍然大污
《蝶泳几十年》
奶奶与其「倒吊人」
我带你们打
恍然大悟*2
\
十个小时42分钟，热一热还能吃
QAQ画质感人
哈哈哈哈哈哈哈哈哈哈
这。。。又上又下
红龙！！！
为啥他的风格好像跟另一个UP一模一样
好耶！
这也太刑了
这小王有种派大星的感觉
嗨起來
神父dj
玩水啊姐妹！
气氛微妙了起来
进度条不简单
尿褲子
轮椅与砍杀
cc
大表哥，yyds
基建的艺术
疯了
红茶包
100000小时
这里是个伏笔
海德拉hydra
孝死我了
我们会吃你再装成外婆的
僵尸起来了
相反世界
嘿嘿嘿嘿嘿
海超人与大洋游侠
《击剑》
普奇风评被害
11小时不能吃了，给放烤炉里烤18小时吧
老头老太太啊想洛圣都！！！
哈哈哈哈哈哈
？？？？？？？？？？？？
太合金装甲
2分钟！热乎的！
以糟粕为生
所有死的人都喝过一氧化二氢
50年后的秃爵组
脱碳甲醛
不对劲
ko no dio哒！
哈哈哈哈哈哈哈哈哈哈哈哈哈哈
哈哈哈哈哈哈哈哈哈哈
姐妹来玩儿水呀~
棺 材 招 人
奶奶是正常的？？
哈利路亚
《 奶 奶 的 礼 物 》
♂♂
《科     学》
不对劲
平角裤，平角裤！
求这里的BGM
哈哈哈哈
爷青回！！！
更新了
伤敌1000，自损800
地理隔离
唐吉诃德
爷青回
感觉又是故意误导人的伏笔，看似说小朋友是小王，实则另有其人。
《圣迪 亚哥》
《击♂剑》
《我方の无畏战士》
下面   红字魔鬼   下面
老必登
诶？事情不对劲了起来
？磕到了
《如果我是DJ你会爱我吗》
你相信光吗
是你蝙蝠侠
这一段BGM听起来好像指环王里魔戒的BGM
《水是剧毒的》
鬼火一响，爹娘白养
??????草
击剑
名侦探麦扣
大镖客
没人听出来这是大镖客的音乐吗
☆☆☆☆★★
第一次见面但是墙上有合照
低底盘    高赌注
好家伙，所有吸血鬼主角都叫德古拉【doge】
我到现在才发现BGM是柯南
来了来了
哈哈哈哈
轮椅：我燃起来了，我！免费了
奶奶为什么拿着一只小龙虾啊？
这是核废水。
空条承太郎→
我看半天没看出个人，原来是倒挂着的！
小王奶奶该不会没了吧
圣迪
楼上的老张
逻辑严谨
笑死我了H2O
王瀚哲小朋友
上帝上个DJ
假烟假酒假朋友
梦幻联动
小王这个表情是暴走英雄坛？
啊啊啊太可爱了
愤怒吧，锅碗瓢盆
好可爱呜呜
++
血继界限   是出自龙族吧
红龙
老太太，你看起来似曾相识啊……（指上集幽灵列车事件）
哈哈哈哈哈
紫禁之巅
紧跟时事
终于等到
哈哈哈哈哈哈哈哈哈哈
你相信纯氧吗？
大     智     若     王
圣安第列斯诚不欺我
老年恶灵骑士的坐骑
高底盘弟弟住
怎么作案工具都有
你看我还有机会吗（无端联想）
奶奶 危
《安静祥和》
哈哈哈哈哈哈哈哈哈
你舅宠他爸
?
出现了，马大姐的H2O
哈哈哈哈哈哈哈
可恶是浓硫酸溶液(
合照就很离谱
波鲁纳耶夫
遇到柜人了
吸血鬼？这不倒挂啊
？合照？
杀天可还行
好的 晚安
《》没有小王
气氛开始升温～
《没有小王》
…无比温馨的故事
火钳刘明
红红火火恍恍惚惚
〈汽车舞会〉
《惊天动地》
来了
GEI
gei里gei气
圣安地列斯诚不欺我
吸水鬼吸水鬼
你这个吸血鬼叫比尔希恩斯吧
怎么在这都能碰见张杨哈哈哈
konodioda
背景音乐柯南？
哈哈哈哈哈哈哈哈哈哈
爷青回
冷知识：水也能解渴
你同学有没有一个叫迪奥.张的
核癌
哈哈哈哈哈哈哈哈
核邪铀癌
诶？？！！
哈哈哈哈哈哈哈哈哈
血界战线hhhc
吸血鬼居然是这样的哈哈哈哈
看左边门上面，他们是第一次见面怎么会有照片？
燃起来了
CJ的老年生活
普奇神父
好甜
hhhhhhhhhhhhhhh
《安 静 祥 和》
《核   蔼》
普奇：你礼貌吗？
《波鲁纳雷夫》
科学
恶灵骑士
照片怎么回事
@普奇
小学语文一定满分
绣春刀老人板
来了
《没上又要没了！（滑稽）》
《MC 神父》
吸水鬼
好耶
比博然
比博燃
《老头快使用泡沫光线！！！》
俄罗斯养老院
哈哈哈哈
哈哈哈哈哈
鬼知道我看了几遍
vvvvvvvv
两耳不闻院中事，一心只蹦圣贤迪
吸血鬼不能渡过流水
不要再打了啦~
说得好俺也一样
哈哈好家伙
怎么有点节奏医生的感觉
哈哈哈哈哈
核   蔼   的  老  人
植物大战僵尸和僵王博士的决战
要不你两在一起？（dog）
普奇:喵喵喵？
千里耳和顺风眼的对决（不是）
你怎么回去
事情逐渐不对劲起来
左上角有奶奶和小王近期合照？？
《核蔼》
？？？
从养老院到三味书屋
真 脖人传
清洁工
爷青回
就离谱
duel！！
第二天了
神父，换碟
中路对…剑
第一次见面有合照！
哈哈哈哈哈哈
神父换碟
【核邪的老人】
塞扣泥hi铁鸭子打
急支糖浆
jo厨狂喜
dracula可还行
韽麠鱌核
？？？？哈哈哈哈哈哈哈哈好
哈哈哈哈哈哈哈哈哈
我他妈笑死
dio
终于明白养老院的神父为什么会打碟了
姐妹来玩水呀～
刘老太：那我走？
?男♂同?
为啥开头又说有吸血鬼呢
大表哥！！
《如此包装》
一天
Give me take off
《确实》
照片
好的让我们take off
射程为负的以撒
这音质。。。绝逼是网易云
这声音是返祖了吗？？？
《不用谢》
你俩结婚吧
23小时，拔凉拔凉的，凉的不能再凉了、凉的透透的！！！
恐   怖   奶   奶
哇这钛合金盔甲亮瞎了我的钛合金双眼
哈哈哈哈哈哈
波鲁那雷夫的老年生活
好家伙
乌拉
好耶
《红龙》
紫禁之巅
核善
《朝你大胯捏一把》
草（一种植物）
热乎
艺 术 大 师 ！
《艺 术 大 师》
轮到你了jpg
倒吊男。
一氧化二氢有剧毒的
《核蔼》
好耶
画面突然静止
妈呀遇到柜人了（bushi）
爷青没
拿轮椅的火枪手……对不起走错了
真•神父打碟
上胜坟
同7竟是我自己
????
一氧化二氢
小朋友竟是我自己
是你吗，倒吊人先生
233情敌变情人
没人？
神父打碟
迟到了
燃起来了
照片上是空条承太郎吗？
一起来机甲n
你好长
杀戮天使啊兄弟们
蹦圣迪？？？？？？？？
为什么会有合照...?
？？？？？
？？？？？？？？？？？？
jo家人
你和隔壁老王
哈哈哈哈哈哈哈哈哈哈哈
大型返祖现象
确实，打disc的白蛇
安静祥核
决战♂紫禁之巅
今天的B站就刷到这吧【doge
来了来了
磕到了
爷青
祥核
突然想到一枝花
？
弹幕护体
哈哈哈哈
哈哈哈哈哈哈
《伯 仲 局》
我的三倍
原地结婚
哈哈哈哈
我不做人了！！！
哈哈哈哈哈哈哈
@楼上的老张
核蔼
Made in Heavn!
爷青回好耶
卧龙凤雏
爷青回
奶奶的礼物！
波波！
东盲西聋
不 用 谢
科学
《王 瀚 哲》
真   柜人（贵人）
我说他蠢
哈哈哈哈哈哈哈圣迪
哈哈哈哈哈哈哈哈哈哈哈哈
《反   向   缩   句》
《核蔼》
和蔼的老人？
下界合金套
普奇神父？
这个小朋友是不是就是你呀？
这……可能是二创
《选择性耳背》
哈哈哈哈哈哈
空.巢.老.人
下一位恶灵骑士
他追她逃他们都插翅难飞
亲.孙.子
我不信，如果有冲突番茄肯定顺手p了
两分钟好耶！！！
00
竟然有些可爱哈哈哈
核霭氪氢
《特洛伊的刘大娘》
芜湖
《吸血鬼教你用h2o制作水》
小王情商在线系列
马什么梅？
普奇:你礼貌吗？
荒野大镖客有一个一模一样的剧情嘎嘎嘎
???
蝙蝠 
蝶泳几十年的那个吸血鬼吗 ？
气氛焦灼起来了
( ° ∀ 。)
？？？？
？？？？？
哈哈哈哈哈哈哈哈哈哈哈哈哈哈哈哈哈哈哈哈哈哈哈哈哈哈哈哈哈哈哈哈哈哈哈哈哈哈哈哈哈哈哈哈哈
我还以为喷血了
那你挺年轻哈
比博燃
弗拉德三世觉得很淦
福音edm
《博人传》可苔草了
血脉传承！！
比脖燃
核锿
爷青回
哈哈哈
《缩句》
《安静祥和》
有生之年
《核 蔼 的 老 人》
你就是打碟的神父？？？
...........
?
一起来好么.JPG
好耶
倒叼人！吃我万箭穿心之刑！
“安静祥核”
选择性耳聋
哈哈哈哈哈哈哈笑死了
确实
锐利的剑 锐利的眼
《阿妹你看，圣迪吔哥》
我差点以为是安全出口
一里眼和阻风耳
月光光心慌慌动画游戏版
安详
突然意识到了什么
普奇神父
好甜好甜啊啊啊
《氨 静 翔 核》
盲猜蝙蝠侠
16号线分线
奖杯和奖牌会是小王的吗？
《  闇  瑾  襄  核  》
好耶
jj
好耶
bgm不就是慢放的柯南？
翻脸不认人
轮到你了
爷青回
自愿》》》》》》
《《祥 和》
新概念蹦迪
千里眼顺风耳
茄警官叫你用H2O制造水（魔法与魔法）
???
假    面   骑    士
老年恶灵骑士
一腐到底
？？？？
《柜          人》
天外飞仙
安静祥和
三連完再看，歡迎回來麥扣
好耶！
（••）？
这莫非是邓超？！
好耶！
Dio
转头好评
击剑
吓死了，我以为奶奶飙血了，仔细一看在织毛衣
正月里采花无呦花采！（试图对线）
哆啦A梦里的BGM
hhhhhhh
蟹bro～
竟然还有5000多人和我一块看
刚好
紫禁之巅！
恐  怖   奶   奶
嘿嘿！
奶奶的
恐   怖   奶   奶
袜 好多番茄
柯学
梁志超
《安静祥和》
！！！！！！！！！
y
鸡剑
铁胸甲
舗衕葚
好活
J  D  M
核癌
是假面骑士kiva
爷青回
铁
戴安娜（？）
朝你大胯捏一把
哦
蹦。
哈哈哈哈哈哈哈
爷
哈哈哈
？？？
没想到啊
.
怎么这里也有舰长
哈哈哈哈哈哈哈哈哈哈哈哈
《决   斗   王》
哈哈哈哈哈哈哈哈哈
33
你们两个绝配
核霭
刘老太：那我走？
激剑
阿瓦达啃大瓜
我们这两天真叫假
爷青回！！！
出——柜——
哈哈哈
用博人传扑灭它！！
老年版恶灵骑士
医学奇迹
决战养老院之巅
核 蔼 的 老 人
猴子
好耶
血碧
最近诈骗团伙很猖獗，奶奶。。。是诈骗的吧
hhh
老无厘头了
老番茄之殇
墙上面有合照
吼吼吼哈哈哈哈哈
普奇（）
王以太（doge）
你们不要再打了，你们不要再打了啦！
我要急支糖浆
普奇：我怀疑你在说我
雏鹰起飞
吸水鬼是真的了
爷青结
下    界    合     金    套
《俄罗斯养老院日常》
吸水鬼小伙子
没那么简单
你不是怕流动的水吗？
？？？？？？？？？？？？？？？？
衣柜里的是朋友
经典
嘿嘿！
宋宇凡
安静祥和
和蔼
我以为这奶奶在倒肠子……
老番茄Xjojo 梦幻联动
孙贼
孝死我了
新概念科学
关键词：吸血鬼。
哈哈哈哈哈哈哈
氨菁祥核
好可爱哈哈哈哈哈哈
我的世界世界观上限
《水是有毒的》
吸血鬼逼租
啊这......
血脉是不会骗人的~
奖叔：H2O
多瑙河！！！
啊，那个不是门吗
《安静祥和》
蕾米莉亚表示水不能喝
《新 概 念 视 力》
哈哈哈哈哈
好耶
《安静祥和！》
《安静祥和》
核癌
骆闻舟费渡陶然
爷青回
为什么奶奶没事？
蹊蹺
老三体人了
天生一对
《 才 发 现 》
好耶！
千里耳
普通
核废水
蹦圣迪太生草了
不是狼先吃掉外婆再装成外婆？
别让等待，成为遗憾
我姓邓
《你们不要在打啦！！！》
默读行为
昨天 是个啥意思
《轮椅骑士之化敌为友》
血继界限 我：血界战线（？）
蝶泳了几十年的大佬！_(:D)∠)_
《 才 发 现 》
决战紫禁之巅
恶灵爷爷
哈哈哈哈哈哈哈哈哈哈哈
《神 父》
神父换碟
刘老太：那我走？
 爷青回
击  剑
《氨曔䜶核》
看来是亲生的
楼上的，使劲忍
选择性耳聋哈哈哈哈
真孝顺
《中门对狙》
这个憨厚的声线莫名像派大星
承太郎→
“击剑”
第一次见为什么画上有？
你不就在警车里吗
荒野大镖客bgm
左上角照片，细思极恐
和          蔼
好像大表哥里那两个兄弟为了争那个瓦伦丁姑娘的剧情
思想钢印
老年恶灵骑士座驾
普奇神父
楼上的老张表示你骂我チ嘛
我柜子动了，我不看了
记住这句话，是伏笔
吸血鬼不能晒太阳，所以要吸血，补充维生素
马    丁
养老院的日常
《血 脉 传 承》
新概念养老院
爷青回！！！！
柜子开了
《fishes fishes where are you》/doge
爷青回
哈哈哈哈哈哈哈哈哈
小丑竟是我自己
此处剧情请参考《精灵旅社》
看开头
你们不要再打啦
哈哈哈哈哈
感觉这里就该有柯南每集发现st时的bgm了
哈哈哈哈哈哈哈
中原中也
没有证人？
我麻了
叶孤城和西门吹雪
完了，王瀚哲走不出去了
恶灵轮椅骑士呢？
哈哈哈哈哈
HHHHH
哈哈哈哈哈哈
哈哈哈
奇怪的内卷人物增加了
《唐吉诃德》
击剑
第一眼看成奶奶被戳了一刀，正在大出血。
为什么会有这么大一罐糖浆啊？
安静翔核
恶灵骑士的坐骑
这里是伏笔，请注意
爷青回
.
哈哈哈
哈哈哈哈水是剧毒的老三体了
这河里嘛？
“坏了，我成替身了”
来玩水啊姐妹们
神父换disc
好
还能吃！！！
锐利的剑，锐利的眼
那个照片，，合影
叮叮车~～～
倒 挂 金 钩
击剑
看不见我
芜湖！
好安静祥和
热乎
神父DJ，秒啊
圣迪哈哈哈哈
《 气 氛 组 》
bgm忆童年
快忘了是养老院了
这很合理
你也是清洁工
这很河里
不正常里的正常人是不是不正常
配音好耶
水是慢性毒实锤
普奇神父:???
烫手
石之海
草，我不玩了，我风扇把我窗帘刮开了
孝出强大
@普奇
龙族吗这俩
可恶是生命的源泉
？
这段0.5倍速有惊喜
一个没有耳朵，一个没有眼睛
思想钢印
爷青回！！！
哈哈哈哈哈哈哈哈哈哈哈哈哈哈哈哈笑死，救命
你不加班可以我的周末总是加班啊
一掐一兜水儿
kdl
？？？？
我以当了十年的护士担保这绝对得了老年痴呆
哈哈boy风评又被害了
要不你俩在一块不要求性别要求
你不是小王出生前就断绝关系吗？怎么小时候见过了你有透视魔力？
三千六百五十天
死灵骑士的轮椅
哈哈哈哈哈哈哈哈哈
神父你竟然真的换歌了！？
dio
...
《圣迪》
龙卷风
爷青回
蓝色多瑙河圆舞曲
好耶
两千人在看诶
没有小王
为什么在此之前小王没见过奶奶但墙上挂有小王与奶奶的合照
好耶！！！！
笑死了
老番茄教你用H2O制作水
千厘眼VS逆风耳
USA现状
谁还记得荒野大镖客杰克没救出来
热的！
智慧的发言
第一次见面为什么会有合照！！！！？
神 父 打 碟
卧龙凤雏
《安静祥和》
血继限界，《仙武帝尊》里有
是吸血鬼吧？
老大爷模拟器
击剑
日光之城的吸水鬼
哎呀真的是绝
俄罗斯养老院の 日常
勇士药水进度条暴露了一切
爷青回
见 家 长
《圣迪》
核霾
所以他们在一起了是吗？
血界战线那个停停了，血继限界是火影的
《日光之城》
MADE IN HEAVEN
和 蔼
一剑西来，天外飞仙！（错乱）
前方高能预警
马冬梅
《绝战》
繁花似锦的大姐姐们不要为了我吵架啦
物理决斗
D     e     u     l！
干，真的是击剑
？草
‘
凉了凉了
爷青结
？有人在吃？
【小问题】
《 选 择 题 》
听到了!泪目
lildlild
这就是血脉相承的命运啊，JOJO!
风火轮
隔代亲
击剑
届不到的白学构图
《击剑》
画画可是我的精神食粮
所以那三个人分别是，花少北，王瀚哲，某幻吗
击剑啊
狼外婆的故事是狼装成外婆，不是装孙子
《当 场 捉 奸》
哈哈哈
哈哈哈哈哈哈哈哈哈哈哈哈哈哈哈哈哈
《安静祥和》
恩里克.普奇
登   山
《和蔼》
jo厨狂喜
中原中也
幸存者
《骑轮椅与砍杀》
磕到啦小朋友
哈哈哈哈哈哈哈哈哈哈哈哈哈哈
爱情开始的地方
哈哈哈哈哈哈哈哈哈哈哈哈哈哈
小丑竟是我自己
你俩一起呗
hhhhh普奇神父
恶灵骑士 
旁边的照片上写满了无敌
速来与我击剑
好耶
吃圣饭
杰哥不要
思想钢印
太神奇了，小王竟然会思考
童心未泯
哈哈哈哈
等等，僵尸那期小王的锯子不是奶奶给的吗。。
恶灵骑士的老年生活
我不傻！！！！
平行世界？？？
戴耳机做英语听力
击剑
思想钢印？
这车好霸气
进度条不简单
这里好宠哈哈哈哈哈哈哈
好宠的语气哈哈哈哈哈哈哈
达尔文奖呢？？
《科学》
《安静祥和》
鸭舌摩根！！！！
等等，上集是讲啥来着
《缩  句  鬼  才》
哈哈哈哈哈哈哈哈哈哈捏大胯
选择性耳聋 
佐助                                                                   鸣人
“我是小王，收到奶奶的信了 快开门吧”
车zheng？？？？
核蔼
duel！
你就是那个魔禁里乱打碟的神父？
泰拉瑞亚音效诶
《三体》
击剑
从未设想的道路
←法老
注意左上角照片
能不能科学点
黄金精神？
dio？
哈哈哈哈哈哈哈哈哈哈哈哈
这老奶奶绝壁叫海伦·凯勒
我养了一条狗，奶奶的，会跳舞
歪比巴卜
你们俩绝配啊
千里……耳？
千里耳？
击剑
《 缩 句 》
刚刚！！！！！！！
《 爷 青 结 》
大洋游侠和海超人!(无端)
臭弟弟
击    剑
衬衫的价格是九磅十五便士
第一次见面（确信）
《空嘲老人》
《普通银儿》
空条承太郎→
贝西
抽象艺术
离谱
《走近科学》
@罗老师，判多少年
刑啊
缩句达人
nb
这鬼吸自己，自产自销
？墙上照片是奶奶和麦扣
Wryyyyyyyyyyyyyyyyyyyyyyy
盫荆襄河
思考过后决定加入他们
kdl
安静祥核
击剑
爷青结
决战紫禁之巅
呵呵
哈哈哈哈哈哈哈
合照l
比博燃
《又》
绝了
大 聪 明
千里眼顺风耳比赛击剑
泪目
你们俩凑合一下得了
不！！！和过水的人最后全死了！！！
《新概念击剑》
反客为主
好耶！
击剑
哈哈哈哈哈哈哈哈哈哈哈哈
《击剑》
孝死了
柯南bgm启动！
老必登
哈哈哈哈哈哈哈哈哈哈哈哈
高情商
和蔼
吸血鬼被清水浇到会受伤
6.0
《波鲁纳雷夫的晚年生活》
7分钟！！！妈妈我出息啦！！！
金发吸血鬼
ko no dio da！
水是剧毒的！
气 氛 逐 渐 变 得 焦 灼 了 起 来
哈哈哈哈哈哈哈哈哈哈哈哈哈哈
奶奶不是还没出生就和家里断绝关系了吗？怎么可能记得小王？
【核蔼】
原来你也看龙族
《安静祥和》
角度清奇
？？？？？
喝过水的都死了！！
巜安静祥和》
新概念神父
茄哥不要了
倒吊人
吸血鬼在水里虚弱并不代表它们不能喝水（doge）
有奶奶《了》
《去 你 上 帝》
你们不要再打啦！！
DIO震怒（
没有小王
？？？
红龙
普奇神父
奶奶的礼物
FLAG
老年驰骑
妙妙妙妙
《恶灵奶奶的老年生活》
缩句大王
“都是”老人
哈哈哈哈哈玩水
万磁王大战X教授
张杨那个笑死了
哈哈哈哈哈哈哈哈哈哈哈哈
一样的表情不一样的想法
洗个头
哈哈哈哈哈
紧跟时事
就是你自己
你们才是能互补的吧
老太太：就挺突然的
哈哈哈哈奶奶不开心
哈哈哈哈哈哈
记住麦扣的这句话，有伏笔
诺贝尔吸血鬼奖
分明是高能物质——一氧化二氢
恶灵骑士
好像把那个恶灵骑士给忘了
嗯？
戴夫老伴
老邓头？
你这一说我想起47来了（啥时候更新？doge）
那小王的奶奶为什么没事
我看刑
安详
神父打碟
恶灵骑士养老时的坐骑
《恶灵骑士的养老生活》
麦克怎么知道的
企业级思维
击剑
和蔼可亲
问题是，奶奶就在他身边为什么没有受到感染
无中生友
无中生友
情投意合
哈哈哈哈哈哈哈哈哈
好液警长
空条承太郎→
一请回
戴静华我喜欢你
........神父换碟。
《顶  上  战  争》
紅龍？
马哥
跨服对决
【邓超】加入了直播间
这是魔戒的bgm，阿尔文的暮星！！
击剑
不应该是拔了DJ的U盘就跑么
hhhhh
我乍一看还以为在滋血
恐怖奶奶2的游戏灵感来源
DIO？
非静止画面
水不是剧毒的吗？（doge）
哈哈哈哈哈哈哈哈哈
装成外婆？
击剑
笑死我了
6
垂死病中惊坐起
默 读 行 为
手部运动没问题
新时代骑士
击♂   剑♂
蹦 蹦 车
天造地设
如果我是DJ~是DJ 是DJ~
低底盘车
哈哈哈哈哈哈哈
跨维度打击
真 食粮
老太太：所以爱会消失的对吗
绝绝子！
哈哈哈哈哈
瞎了一只眼的波鲁纳雷夫
第一眼把毛线看成了血
关于用H2O制作水
mc式走路
我有个小朋友啊
有问题，那个1那个0
养书读花
VSS
大镖客配乐
博人转
牛蛙牛蛙
加班加傻了
ps：视力最高5.0
*比博燃*
啊啊啊啊啊爷青回
爷青回
蓝色多瑙河
《安静祥和》
和 蔼
《神父》
《啊也是》
小王好可爱
华山论剑
damedame
危
hhhhh
《核愛的老人》
照片？？？
恶灵骑士的晚年生活
确实
上帝：我手下净是些什么人才……
波鲁那雷夫的别走…
《惊 天 动 地》
紫气东来
临死前的恶灵骑士
《华山论剑》
氨晶详核
大镖客2
哈哈哈哈哈哈哈哈哈哈哈哈哈哈哈哈哈哈
他们在击剑
你们不要再打了啦
印子吗可恶想看后续
+
《决斗》击剑 
那么，一会你们怎么回去呀……
小李子
好可爱啊！
没了食粮（物理）
斗牛既视感
哈哈哈哈哈哈哈哈哈哈
j'c
<科学>
决战紫禁之巅
我趣阿尔玟给我炸出来了中土人双厨狂喜
爷青回！！！！
他还只是个婴儿
奶奶获得了成就：[残骸裹身]
你永远也不可能得到她，因为我爱的是你啊啊啊【手动滑稽】
《嗨起来》
他想小王了（bushi
轮椅骑士
血继限界
盲猜奶奶有问题
恶灵骑士老年生活
嗯
所以你们一会儿怎么走
《核蔼的老人》
《有理有据》
我看到这个警车时……我不对劲！
马什么梅？
低    底     盘      车
你能不能科学一点？他是个吸血鬼
《安 静 祥 和》
情投意合
jojo！！！
儑饉鯗∑
鸡剑
俩傻砸
这怎么听出来的
《核蔼》
哈哈哈哈
好耶！
@普奇
风火轮
女...女王？
杰尼龟哈哈哈哈哈
？？？
凉了凉了，热了还能吃
《残骸裹身》
最后的骑士大会
记住诈骗这句话 
《缩句大师》
千里眼大战顺风耳
百 发 百 中
“真” 蹦蹦
《击 剑》
妙妙
绳父！
击剑
水是剧毒的（√）
哈哈哈哈哈哈哈哈哈哈哈哈
《科学》
，
哈哈哈哈哈哈哈哈哈哈哈哈
右上角的画
右上角真的在抚摸
通缉
老番茄没忘RDRII？
莫斯科～
王瀚哲
戴安娜的老年生活
妙啊～妙啊～
好棒
草。
《开警车》。警车演的好。
迪奥？
好耶！
哈哈哈哈给我磕！
恶灵骑士老年珍贵录像
杰尼王
安静祥和
呵呵
《嘿嘿》
哈哈哈哈哈哈
传承
夜 魔 侠
继国缘一与继国岩胜
出生断绝关系是视频剧情需要
空耳老人
和蔼
击剑
《没有小王》
建议去洛圣都蹦圣迪
大聪明哈哈哈哈哈哈哈cao
核暧的老人
击♂剑
来玩水啊姐妹们
我方无赖战士已就位
吃dio小面包
好磕，甜到了
《圣 迪》
《听 力2.0》
凉了
小王可以看到未来？（狗头）
核癌 
《安  静  祥  核》
两 岸 猿 声 啼 不 住
☆☆★★★
他们头都好秃啊哈哈哈哈哈哈哈哈哈哈哈哈哈哈哈哈
爷青回
哈哈哈哈哈哈哈哈哈哈哈
《核  蔼》
？？？？
哈哈哈
卧龙凤雏
红红火火恍恍惚惚
哈哈哈
有生之年啊
dio
好耶
《核碍》
《DJ神父》
《返老还童》
哈哈哈哈哈哈哈哈哈哈哈哈
《水是剧毒的》
蚌埠住了草
安静祥核
空巢老人
哈哈哈哈哈哈哈哈
神父DJ
神父蹦圣迪
不用谢
击 剑
间接性耳聋
来击剑
神父换碟！！
刑啊
《挺安~静~祥~和~的》
《核~蔼~的~老~人~》
有啥大病
小王：凭什么只有大爷大妈们蹦迪我也想蹦迪
你俩在一起不就得了
毛衣针在自己织毛衣。。。
第一次见面为什么有合照？？
上条当麻点了个赞
小朋友竟是我自己
拒绝中间商赚差价
中门对狙
888668、8
哈哈哈哈哈或
？？？？？？？
条见鬼
J 凯尔
倒DIO人儿～
？？？？？？？
贾斯帕？
合照
恶灵骑士万年生活
天堂制造
孝死
普奇：？？？
不对劲
合照？
歪了
哈哈哈哈
有人吗
哦~
完美契合
妙啊~
 ？？？？？？
《宇智波》
你们不要再打了啦
和蔼
开
好宠溺哦
经典开头 
爷青回
说唱
安静祥和
哈哈
画风突变
倒挂金钟
20分钟还可以吃
全体上刺刀
来了！！
好  孙  子
哈哈哈哈哈哈哈哈
哈哈哈哈哈哈哈
排排站，扔果果
缩句：把DJ头拔了
这手臂震惊牛顿一百年
核癌
亚雷斯塔
《温  馨  的  祖  孙  会  面》
嘿   嘿~
《孝   孙   子》
《缩  句  天  才》
火轮椅：那我走？
DIO!
他咋上去的
！！！双厨狂喜
小 原 原
是你兰特洛斯
这有小王和奶奶的合照
史提尔·马格努斯:猎杀魔女之王！
肌肉车
普奇
dio感觉很棒
dio
科学
等到了
祥和
鬼才
芜湖
这这这disco？
对上小王味了
hhh
《红龙》
合照哪来的？？
酷起飞 
夺魂咒
能发弹幕了哈哈哈哈哈
哈哈哈哈
墙上那是奶奶和小王的合照吗
哈哈哈哈哈哈哈哈哈哈
哈哈哈哈哈哈哈哈哈哈哈哈哈哈哈哈哈
哈哈哈哈哈哈哈哈哈哈哈哈哈哈
普奇神父
hhhhhhhhh
普奇:？？？
是你！花大爷！
击   剑     ！
真 • 往 生 堂
这个小朋友好宠的感觉哈哈哈哈哈
都是海超人和大洋游侠
巜gua郎山》
《核癌》
吸血鬼最魔法的世界 已经很科学了
《倒吊人》
爷青回
爷青回
爷青回
怎么只有小王他奶奶不会
巴巴托斯：唉嘿
铁娘子
《决战养老之巅》
？？？？？？？？？
圣迪亚哥
芜湖老番茄终于更新了
你确定这个不是猴？
一分钟烫手
哈哈哈哈哈哈哈哈哈
石之海...
没豆音嗨吻
ヾ(@^▽^@)ノ 
击 剑
击 剑
?????????
《赤 色 约 束》
会跳舞的车。。。。。。
求bgm！！
有一团烟坐着轮椅过去了
？
离谱
霍格沃兹毕业的（确信）
巜空巢》
哈哈哈哈哈哈哈
哈哈哈哈哈哈
哈哈哈哈哈哈哈哈
1
哈哈哈哈哈哈
《科学》
对镜
哈哈哈哈哈哈哈哈哈哈
笑jue了
你奶奶不是你出生前就。。
安静祥和
小王已经在来的路上了
新概念自愿
孝死我了
关于我只用了平A对面把技能全部用来逃命这事
哇哦~爷青回
这个照片莫名MC
/‘
哈哈哈
《大西洋》
这挺祥和，都开始cos了
》安静祥和》
Alan
不是第一次见吗？照片咋回事
嘴上这么说，身体却很老实呢
4小时
宇智波小王
哈哈哈哈哈哈哈
养老院 （精神病院）
真•击剑
26
《温馨》
《和蔼》
《耳机》
《神父幻蝶》
《借古讽今》
《管理员》
哈哈哈哈哈哈哈哈
？？？？？？？？？？
前面的是菊叔吗
思想钢印立大功
哈哈哈哈
圣安地列斯
一氧化二氢
思想钢印
哈哈哈哈哈
失踪人口回归
《朝你大胯捏一把》
哈哈哈红红火火恍恍惚惚红红火火恍恍惚惚红红火火恍恍惚惚红红火火恍恍惚惚红红火火恍恍惚惚红红火火恍恍惚惚红红火火恍恍惚惚哈哈哈哈
《真 － 安  静  祥  和》
神 父 打 碟
戴安娜的养老时刻
荒野大镖客！！！
 低 底 盘 车 俱 乐  部 
DIO在睡觉
第一次见面什么小时候？
你俩在一起吧
《嘿嘿!》
老番茄说出了捧哏的感觉
俄 罗 斯 养 老 院
哈哈哈哈笑死我了
我直接原地笑没
哈哈哈哈哈哈哈哈哈哈哈哈哈
刘老太：小丑竟是我自己
情不自禁的同款转脖子哈哈哈
摩尔庄园
哈哈哈哈哈哈哈哈
《安 静 祥 和》
荒野大镖客的支线的延续吗
圣迪yyds！！！
返老还童yyds！！！
高压水枪冲洗
yyds！！！！！
五星好市民
H2O
爷青回
爷青回
画质升级
《核 癌》
普奇上撤所
左上角照片暴露了，奶奶见过小王
老年亚索永恩
啊
。。。
丁蟹逻辑
王瀚哲小朋友
666
《戴安娜的老年生活》
大表哥的bgm
DNA动了
邓布利多和格林德沃的养老生活
神父换碟！！
奇迹于你
哈哈
自动变粉，兄弟们我这么做有错吗
击    剑
氨净降核
你俩凑一对得了
《和蔼》
+-+
小张你为什么还抱着礼物啊小张！！！！
哈哈哈哈哈哈哈哈哈
棺材招人
草
？
花京院？（幻视）
笑拉了靠
《谢谢啊》
那是火影里的设定 唉 跨代了啊
这什么血继限界啊带老花镜——难道
风火轮
爷青回
恶灵骑士的老年轮椅
吸水鬼小伙纸
重新定义和蔼
我以为这个奶奶在滋血
哈哈哈哈哈哈
一锅两饭
决战紫禁之巅
【开 警 车】[doge]
击剑
xing
《三句话，让俩老头为我击了18剑》
也清洁
？小安迪？
哈哈哈哈
好耶
讲的是一个吸水鬼小伙子啊……
吸水鬼
马什么梅？
马什么梅？
wc
轮椅上的战争
合金弹头的车
蹦圣迪
”决斗“
{争夺}
我的青春没有后悔！！！
“安全感”
“咳”
？？？？？？
“亲切”
“转”
盲猜里面不是奶奶
我们在玩西海岸
全损画质
hhhh
食堂泼辣酱砸瓦鲁多
《 决 战 紫 禁 之 巅 》
热乎乎的
打小就聪明
【吊      脚      男】
深夜里击剑！
你爱了吗
？？？气氛搞起来了
好耶
哈哈哈哈哈哈哈
fate
《H2O》
"聪明,大聪明"
我怀疑你打码了
有生之年看到了老番茄在催别人更新
？？？
等级
到家
不玩了，我柜子动了
中国boy突然被cue
[Made In Heaven]
千里耳和顺风眼（doge）
《安静祥和》
哈哈哈哈哈哈哈哈哈
hhhhhhhhhhhhhhhhhhhh
hhhh
哈哈哈哈哈
石之海出动画了！
龙 耳
神父与DJ
返老还童
紫禁之巅
真牛啊
墙上照片是jo太郎，那柜子里的一定是dio了吧！
t
倒  吊  人
哈哈哈哈哈哈哈
普希金:这段我熟
一天了扔进岩浆也热不了了
氨基祥和
真点神父打碟
你两一起呗~
哈哈哈哈哈哈哈哈哈哈哈哈哈
哈哈哈哈哈哈哈哈哈哈哈哈
茄茄能不能借我点钱
谢 谢 啊
草草草怎么这里也有普奇
吹牛大王行为
写轮眼
老头最炸
合照不对劲
《安静祥核》
《和蔼》
安静祥和
和蔼的老人
《倒 吊 人》
哈哈哈哈哈哈哈
哇
《柯学》
《安静翔核》
所以你为什么这么了解他们
奶奶：你真是个大孝孙
小王这孩子打小聪明
Evenstar！
那为什么穿盔甲有用
疯狂的戴夫（伪）
我的青春没有后悔
你们需要一个绿头发的人
wryyyyyyyyyyyyyy
..
核蔼的老人
脖人传
来了
人
人的话应该是这样的啊
普奇：吼
住手你们不要打啦
无中生友
荡秋千很正常呀 
两位傻子 
我们在旗舰呀 
《确实》
《和蔼》
你俩在一起吧
以为奶奶在飙血
哈哈哈哈哈哈哈
500+hxd和我一起看
第一次见但是左上角有合照
牛B
H2O
和蔼
哈哈哈哈哈哈哈哈哈哈哈
大表哥!!!
青春就是你奶奶  敲门  开！！！！！
孤寡
这进度条不简单
《和 蔼》
高中同学哈哈哈哈哈哈
哪来的合照
那我走?
爷青回
《没有小王》
《空穴老人》
《这孩子大小聪明》
《狼外婆》
《安详和谐》
《和谐老人》
老人：就准你们年亲人嗨？
想见上帝
《不用谢》
《开蹦蹦车》
《惊天动地》
《小盆友》
那你们两在一起吧
dio吗
《脖人转》
《原来水也能喝》
？？？
《圣迪》
派大星？
哈哈哈哈哈哈哈哈哈哈哈哈哈哈哈哈哈哈哈哈哈哈哈哈哈哈哈哈哈哈哈哈哈哈哈哈哈
《火车》
《和蔼》
( ﾟ∀。)
这奶奶像那个滑板跑酷吃苹果的奶奶！！！
叶孤城和西门吹雪
哈哈哈哈哈哈哈哈哈哈
玩水
决斗
1.0 hi:/！ofAiX9D0ucs哈  伯爵の猫  你俩在一起得了
水you剧毒
海绵宝宝の派大星
血脉相连
快带耳机
不存在的记忆增加了！
张震岳
安静祥核
233333
气氛逐渐微妙
+
神父打碟，正常啊
爷青回
狼装成外婆
决斗干嘛?不如来吧昆特牌吧！
你俩在一起吧
这人不是耳朵不好么，怎么能听到音乐停了
第一次见面，哪来的合照
进度条不简单
和
空巢老G
合照应该是其他世界的
舞池里的DJ正在带情绪
《核 癌 老 人》
《温馨》
哦————
生日当天发！我出息了
哈哈哈哈
                              ★★☆☆☆
我昨天刚好也玩了水枪
为什么吸血鬼不能叫拉萨姆博
真  神父换碟
Alea Jacta Est！
普奇神父直呼内行
安详
111
婩缙鄕餄
柯南音乐
刘老太：那我走？
刘老太：男同竟在我身边
老 年 版 暮 光 之 城
好多啊啊啊啊啊
《千里耳》
自由城
里世界的人吧
李奶奶敲门—-开！！
《恶 灵 骑 士》
手劲大!兄弟们一个点
你俩在一起得了
石之海厨狂喜！！！
里世界！反的！
警车蹦迪哈哈哈哈哈
完了我成替身了
《科学》
这不绝配？！
《吸水鬼》
开始了是吗
看成和蔼的老八有救吗
hhhhhhhh
谢神父
哈哈哈哈
神 父 打 碟
看了看进度条，不简单
可是石之海的动画正片还是没有出来 (  ･᷄ὢ･᷅)
原作里这个奶奶是亲生的！甚至认识侦探！
哈哈哈哈
哈哈哈哈哈哈哈哈哈哈哈哈哈哈哈哈哈哈
气氛逐渐焦灼了起来
鬼火，轮椅
既然是JOJO!哈哈，哈哈哈哈！
那我走
我们还要蹲
惊天动静
。一
这东西好像不用腿诶
《马大姐教你用H2O制作水》
？？？？？？？
3
6.0
你为什么有警车的车钥匙？
“佬人”
《嘿嘿》
《新概念安静祥和》
晚年恶灵骑士
马什么梅
懂了思想钢印族都变成了吸血鬼（doge
老番茄配音代师
捏大跨
“谢谢啊”
。。。
真 食粮
我妻善逸？
made in heaven
西门吹雪叶孤城？？紫禁之巅啊
《棺材罩人》
洛圣都五星好市民
杀天的神父，不是普奇
《和蔼的老人》
哈哈哈哈哈哈哈哈
哈哈哈哈哈哈哈哈哈哈哈
我去
好耶！！！！
（゜∀。)
普奇觉得很赞
☆☆★★★
隔空对线
小潮院长盔甲
铵锖祥核
这是喝了几瓶红牛
哈哈哈哈
hhhhhhhh
芜湖
evenstar 精灵宝钻还有人看？
好耶
耳机里有歌嘛？
家里的王小朋友
。。。。。。。。。。。。。。
返祖现象
？？？？？
狼装成外婆……
我笑了
出口成章
计算器
我的老年生活
空巢老G
爷青回
《养老院》
《我带你们打》
水是剧毒！！！
哈哈哈哈哈哈哈
EGOIST
恶灵骑士的养老生活
门上的照片
素质玩家
雀食
老年迪斯科
1
大卫·鲍伊
我来打造合身的护甲
这是大表哥的音乐！！！
《手  滑》
结束
(*^▽^*)
法老哈哈哈哈哈哈哈哈
朝  你  大  胯  捏  一  把
靎濭
192
回来就好
走一起泡妞去
心脏滴
标题没有小王哎呀妈呀真不错
我的青春没有后悔
真是好好孝哦
刀之海？
dio
qigyuai
DIO！
感觉好像爱伦坡的一个短篇
爷青回
迪照片里是空条承太郎，柜子里是迪奥
喝红茶（雾）
终于更新了！！！！！！！！！！
叛逆期哈哈哈哈哈哈草
这孩子打小就聪明哈哈哈
爷青回
《耳朵不好》哈哈哈哈
……
逻辑鬼才
圣迪可还行
脖人转哈哈哈哈哈哈哈哈哈哈
我的青春没有后悔
哈哈哈哈哈哈哈哈哈哈
四海兄弟音乐
哈哈哈哈哈哈哈哈
神父搓碟
sss
科        学
怎么没有弹幕
你说啥不是大侦探里面那个双胞胎弟弟嘛？
先磕为敬。
太甜了
这都能磕到哈哈哈哈哈哈
《科           学》
紫禁之巅
蓝色多瑙河好评
《安静祥和》
《耳朵不好》
刘老太:我tm
真·把脖子转过来
低底盘车舞会
？？？？
神父换碟
？？？？？？？？？？？？？
who 怕 who？
科学吗？？？
选择性失聪
没有
《弯仔码头》
第一次见，左上角的照片怎么回事？
第四代恶灵骑士
波 鲁 那 雷 夫
？？？？
哪来的合照
老魔法禁书目录了。
亚雷斯塔（doge）
阳  光  小  城
盲猜奶奶吸血鬼
金发，吸血鬼，ko no dio da！
脖人转哈哈哈哈哈哈哈哈哈
哈哈哈哈哈哈哈哈哈
bgm显得警长有了个很棒的plan（doge）
《我爱上了我的情敌》
叶庆辉
……？
就很《默读》（
《顶上战争》
爷青回
先赞后看，已经成习惯
杰尼杰尼～
感觉真安静啊，养老院里一个人都没有(dna
普奇：？？？？？
nnnnn
《科学点》
是不是游蝶泳游过来的
荒野大镖客把我炸出来了
反敌为友
这说明王某还有一个弟弟或哥哥【doge】
好甜
《邓布利多》
哈哈哈哈哈哈萨斯给
害怕
这都不用看照片啦
15天，发霉了
真了不起啊
ko no dio da
ko no dio da
放某幻过来吧！（bushi）
 柜 物 
聋子听见了瞎子说瘸子在蹦迪
所有人看起来都很奇怪，那唯一正常的的人呢
哦6
《科学》
倒  吊  人
倒政委的老诡秘了
？
杰尼龟：有被冒犯到
阿瓦达索命                                                       除你武器
不坐轮椅怎么打牌？
隔壁的吸血鬼叫老王。
孝s我了
你说难受不难受
呆滞
《 核 癌 》
日警车
普奇。
倒叼人
哦~
警车跳舞
你不是听力障碍吗
你们快在一起吧
刘老太你有了盔甲可以保护自己了，就成全他们吧
（默契）
《  倒   吊   人  》
当 代 军 迷 现 状
哈哈哈哈哈哈哈哈
西门吹雪叶孤城
上一集有奶奶给小王的电钻
施加长枪冲刺伤害
<安静祥和>
好耶！
啊（ ﾟ∀ﾟ ）
真的要在一起了嗎（ ﾟ∀ﾟ ）
ktm天下第一（雾
哈哈哈哈哈哈哈
东京奥运会裁判团
你们不要打啊
《脖子转过来》
狼外婆（
汉尼拔情节
我回来了
叙利亚养老院
疯 狂 戴 夫
爱不会消失，只是转移了
奶奶传下来的电锯....
下界合金套
互补
感情这不是养老院，是监狱吧
普奇
Keep the torch
嗯？
亚瑟摩根                                                         约翰马其顿
？
《自爆轮椅》
安 静 祥 和
这照片是刚拍的？
千里眼顺风耳
吸H2O鬼
火烧屁屁了
草
圣迪？圣光迪莫？
神父打碟了！！！！！
朝 你 大 胯 捏 一 把
"恶灵骑士3,养老院之争"
2333333
←注意看这里，他们说第一次见，但是门上有个现在的合照
疯狂戴夫
骑马与砍杀
神父换碟（迫真）
普奇神父觉得很淦
@恩里克普奇
普奇：出去打个承太郎，马上回来
DIO点了个踩
《科学》
《斗车士》
哈哈哈哈哈哈哈哈哈哈哈哈或或
神父换碟
哈哈哈哈哈哈哈哈哈
哈哈哈哈哈哈哈哈哈
《我们的》警车
众所周知，A键跳跃
《安静祥和》
整个养老院里都是不正常的人，那么最正常的人反而就不正常了
《  科          学  》
whz的哈哈哈哈哈哈哈哈哈哈哈哈哈哈哈哈
？？？
合影？
草
不会吧，《暮光之城》?
这是个科学的世界
？？？？？？？？？？？？
老二乔了
楼上神父别打碟了
草
你俩在一起吧
！！
下界核金
好磕？！！！！！！！！！！！！！！！
我就不该在吃饭的时候看米粒都喷出来了
格林德沃和邓布利多！！！！！
格林德沃和邓布利多
假烟假酒假朋友～假朋友～
黑 镖 客 梦 回模拟你大爷
普奇神父……
选择性耳聋
.
男同竟在我身边
66
otoo
otto
王老太：救救我！救救我！
“D    J”
神    父
机智~
澈所
爱情
人 才
ⅤS
马上会出现个出场几分钟不到的黄毛（狗头）
老邓头？邓布利多？
《科    学》
哈哈哈哈哈哈哈哈哈哈哈哈哈哈哈哈
殴
阿瓦达索命
你说啥？
泪目。
泪目。
Dio行为
Dio爷
那副画不对劲？？？？？
hhh
恶灵骑士的晚年平静生活
她不是在小王出生之前就走了吗？
低底盘车
双厨狂喜
《耳朵不好》
rosedoggy！螺丝刀！
爷青回
普奇：你礼貌吗？
妙啊
《比 武 招 亲》
诶嘿
为什么要强调是普通人
他们不是第一次见面吗？怎么会有合照？
紫荆城之巅
爷青回
＠普奇神父
李奶奶敲门，开
哈哈哈
天   作   之   合
求bgm
圣安地列斯低底盘车
神风无影
见家长
比博燃
哈哈哈哈哈哈
？？？
爷青结
安静祥和
求bgm
芜湖
哈哈哈哈哈哈哈
所谓千里眼和顺风耳？
哈哈哈哈哈哈哈哈哈哈哈哈
“安静祥和”
周妈
小王在幼儿园最喜欢麦扣老师
补水用
爷青回
《太科学了》
վ'ᴗ' ի
《和蔼》
原来是你神父
蓝色多瑙河
番茄的疑惑
合金装备
《恶 灵 骑 士 的 老 年 生 活》
切丝儿！
六月六我看谷秀 我春打六九头
整个养老院不正常为啥奶奶这么正常
切丝儿
y∩__∩y
女
确实
哈哈哈哈哈哈
是哪个小朋友喜欢打水枪啊 
《和蔼的老人》
dio爷
哈哈哈哈哈
奶奶的 快开门吧
《开警车》
啧啧啧什么狼虎之词
哈哈哈哈哈
哈哈哈哈哈哈哈哈哈
从所长林超那里来的
你们还不懂吗，这个剧情是老番茄为了搞笑自己编的，游戏里的剧情跟这个没关系
老三体了
趁神父去上厕所的时候， 把DJ台给欧拉一顿。
Wryyyyyyyyyyyyyyyyyyyyy
普奇神父，jojo的奇妙冒险
贝西？
这TM是养老院？
男同竟在我身边
DNA里的故事:《蛋碎》
那我走？
《H2O可以饮用—来
上帝：《你礼貌吗》
《小王打小就聪明》
《科学》
安静祥和
普奇:你念我身份证吧
普奇：我怀疑你在说我
不是我孝，俾斯麦来全杀了
轮到你了
千里耳和顺风眼
2021年没出石之海
卧槽这不是我会弹的那首《butterfly waltz》吗
雀 巢 老 人（确信）
哈哈哈哈哈哈哈哈哈哈哈哈哈
《老 人》
《决战紫禁之巅》
真•食量
哈哈哈哈哈哈哈哈哈哈哈哈哈哈哈哈哈哈哈哈哈哈
说明不是同一个世界
哈哈哈血继限界
爷青会！！！！！！！
得得得
照片是啥
《恶灵骑士的养老生活》
大聪明
为什么还要学蝙蝠倒挂。
有合照？小王是不是有点问题？！
这不是在斗牛吗
雀食
来了啦
还是计件
中原中也的哈哈哈哈哈
《德拉科和哈利》
火影迷非常赞
哈哈哈哈哈哈哈哈哈哈
《养老院》
哈哈哈哈哈哈
就都是
好♂
那张合照
相信科学使我快乐
不对劲 
斯台普斯养老中心（湖人队主场）
国服源氏之争
国服并列源氏
啊，你有脸啦
左上角细节，从未见过面，却有合照，诈骗团伙猖獗
赤红的果子
横跳
哈哈哈哈哈哈哈哈哈
jo厨狂喜
之前有很多暗示小王不是普通人的 
你们把手机倒过来看
wryyyyyyyyyyyyyyyyyyyyyyyyyyyyyyyyyyyyyyyyyyyyyyyyyyyyyyyyyyyyyy
小王不是姓小吗
好家伙
养老院的龙争虎斗
233333
ohhhhhhhh
打不过就加入
那副画！！！！
真他妈科学
注意诈骗团伙后面要考的！！！
《磕到了》
哈哈哈哈哈哈
普奇神父
安 静 祥 和
和蔼
这不够人杈
脖人转
震惊！斯文警察为何把两位大爷的down打湿
6.0cm？
为什么奶奶没有被感染情绪
《安 静 祥 和》
《耳 朵 不 好》
 波 鲁 纳 雷 夫
《黑怕老头》
Wryyyyyyy
八倍镜
前后呼应
开篇点题
俄式养老院
明明出生前就断绝关系了呀
哲♂学家的老年生活
心疼悬挂
《安静祥和》
dio！
啥
决 战 紫 禁 之 巅
《铵静翔核》
血界战线？
《关于千里耳这件事》
《宇智波小王》
《日     向     一     族》
倒吊人（确信）
倒   吊   人
普奇神父
叟扣哒！Silver Chariot!
联想开头的吸血鬼
荒野大镖客的音乐
［银色轮椅］
［银色轮椅］
woc这大半夜的
哈哈哈哈哈哈哈哈哈哈哈哈哈
杰佣~
见家长了！！！！！！！！
这孩子打小就聪明。
哈哈啊哈
有奶奶了
《有奶奶了》
龙王的工作里的DJ神父
圣安地列斯跳舞车
圣迪草
照片
真 《脖人转》
老—番—茄—
这脸
一氧化二氢，具有毒性
普奇神父草
圣迪是什么鬼
哈哈哈
《脖人转》
一群精神老人
爷青结
人类高质量男性
天天给小王读黄冈练习卷（数学)
？
倒政委，
哈哈哈哈哈
老头你的血真多，请问因为为什么还坐在轮椅啊？那也得有人退，这是回盒子。
？？？？？？？？？？？？？？？
《安 静 祥 和》
《紫禁之巅》
高坂穗乃果
9分钟
bts fire
配音真的戳到泪腺了
《宇智波》
趴地蹦蹦车
以为奶奶在呲血
不太对劲
哈哈哈哈哈哈
哈哈哈哈哈哈
《断背山》
青结
上面的，你看过jojo吗，有个吸血鬼叫dio
我现在才发现，这玩意儿是倒挂
《安静祥和》
戴安娜！！！
←照片里的人？？                         
《朝你大胯捏一把》
电音传教
《火花骑士》
《残  奥  会》
？
如果我是dj你会爱我吗
血继限界？？？？莫名串线
我还以为奶奶在喷血。。。
中国grandma
邓布利多
kdlkdl
庆祝有奶奶了xswl
你是怎么知道的啊《抓狂》
柜子上有合照
选择性失聪
倒挂金钟。
堂  吉  诃  德
《安 静 祥 和》
沉默的羔羊…？
白蛇
快来跳这僵尸舞——
《养老院》
『天堂制造』
前方高能
dio
？？？
荒 野 一 支 花
爷青结了
波                波
水是剧毒的（
《安 静 祥 和》
真·爷青结
也是
英国女王？？？
《和蔼可亲的老人》
《神父》
而且之前在小王在下水道时说那是他奶奶留给他的钻孔机。。
决战紫禁之巅
奶奶会不会是另外一个世界的
小王不对性。
可能有人在拖延时间，在奶奶的房间里拖延时间。
第1次见面怎么可能会有合照？
小王奶奶可能，，，，
是你承太郎
圣安地列斯
哈哈哈哈哈哈哈
你相信引力吗
蝶泳就离谱
等等，左边的照片怎么回事？
普奇神父
老太：那我走？
真有你的，小王。
《脖人转》
哥你说啥 我让你滚
m
对于有魔法的世界很科学
不愧是你
安静祥核
怎么不去厕所拌饭呢
说明是牵着手来的
残奥会
《这个孩子打小就聪明》
？
无限气球
墙上的合照是小王现在的样子
哈哈哈哈哈
《情敌……是怎么变成情人的》（doge
只有这个才能让我笑的非常开心
植物大战僵尸的屋顶
JOJO梗！
哈哈哈哈哈哈
《真•吸水鬼》
《安静祥和》
俺のターン
墙上jo太郎醒目
《有理有据》
说水有剧毒的一定是老三体了
给你 
专业对口 
选择性耳背
千里眼与顺风耳的故事
《这孩子打小就聪明》　
出柜
天
青春没有后悔的那个别走，李奶奶敲门！
fijjuhgujghrj
ufftjuirueytduigyirigirfjotouirgjtujkrmngkjjrijfgtigibthgrfhvgfu
串场了（三体中提到了一个心理障碍：水是剧毒的）
欢迎来到地列斯
《阿瓦达啃大瓜》
磕拉了
嘻哈老头
马什么梅
听力不好的那个像海绵宝宝里海超人的声音
√《招，我全部都招》——婷哥审过的将军
《不存在的记忆》
孤寡
谁知道这个bgm，求了
你信引力还是纯氧
《 脖 人 传 》
千里耳与顺风眼。
 空调承太郎-------->
哈哈哈哈哈哈哈哈
《MC.hotdog》
h哈哈哈
热知识：喝血不止渴
马上就有了小王
照片上是jo太郎，
哈哈哈哈哈
你们俩结婚叭
psytrance
这个嘿嘿有点耳熟啊hhhhhhhhhhh
《 和    蔼 》
普奇神父
《波 鲁 那 雷 夫》
真·食粮
班尼坑钱坊
普奇神父
小王下马
小王好傻。
刘老太：一把年纪还连夜上崆峒山
不对呀，为啥奶奶没被情绪感染
那个不是苹果，应该是装水的红气球
gh
哈
去捡个茶包泡泡啥的
确 实
哼哼唧唧
Dj，dj给我一条jk
【。v*]
首席决斗家
欸 你说啥
可恶是小周
好耶
《马大姐教你用H2O制作水》
似李!图书馆大姐多莉!
dio
相反的？这，该不会。。。。。。。，。。。。。。里世界。。。。。。
现在是2021的12月份，动画出了！出了！
王·乔斯达
普奇：？？？
你俩在一起不就好了吗？
这奶奶还是个双马尾
“还好我随身带了奶奶祖传的钻机”
普   奇   神   父
《安静祥和》
gg					              GFTFGFGFG
老年西门吹雪叶孤城
救命
《   草   莓   牛   奶   》
贾斯帕•黑尔（不是）
为什么他们不用打牌决胜负呢？
日光之城
普奇
《翔核》
《蹦圣迪》
黄字是魔鬼吧
《氨晶翔核》
《安靜祥和》
《驚 天 動 地》
视力6.0，夜视眼哦~
《皇帝的新头》
合照?
前面小龙虾那个，仔细一看还挺像
 《  枕  头  大  战  》
不用谢
啊，是个柜人
下界合金套
万一是小红帽的故事呢
dio：你是再说二乔和我吗
长寿奶奶？？？？？？？？
合照？？？？？？？？？？？？？？？？？？？
气氛组（指说话自带bgm）
《安静祥和》
“”扭头”就走。
你好宠他啊
这转的就离谱哈哈哈
王奶奶：我练出了两臂的肌肉不行吗
红红火火恍恍惚惚或或或或
神父打碟
建议下载国家反诈APP
墙上！！照片！！！！！！！
到吊人
赵丽蓉！！！
................00000000
。
。
氨痉祥核
普奇神父（确信）
《决战紫禁之巅》
老  顽  童
王•杜利•乔斯达
哈哈哈哈哈哈
哈哈哈哈哈哈
asdsswsd
哈哈哈哈哈哈哈哈哈哈哈
哈哈哈哈哈哈哈
熔岩宝石
《选择性耳背》
《汉 尼 拔》
普奇神父：？？？？
wryyyyyyyyyyyyyyy
《磕到了》
更新了！
《决战紫禁之巅》
爱尔兰猛兽之王
我去资本家！
他是不是叫普奇啊？
有了这个吸血鬼，现在演戏只会木头人的流量明星不就全有救了吗
王老太：荡秋千～
你俩在一起得了
老龄骑士
 《安静祥和》
《耳朵不好》
《核蔼可氢》
普奇神父
你们仨在一起得了
哈哈哈哈哈哈哈哈哈哈哈哈哈哈哈哈哈哈哈哈哈哈哈哈哈哈哈哈哈哈哈哈哈哈哈哈哈哈哈哈哈哈哈哈哈哈哈哈哈哈哈哈哈哈哈哈哈哈哈哈哈哈哈哈哈哈哈哈哈哈哈哈哈哈哈哈哈哈哈哈哈哈哈哈哈哈哈哈哈哈哈哈哈哈哈哈哈哈哈哈
圣迪2333
2333
你知道吗，喝过水的！人！100%都会4
金发小王
注意左上角
会还是你会啊番茄
NB
那他原本没有奶奶？有问题
、、
剧透一下，奶奶是假的，诈骗集团的人
正在看的那7个人出来
？？？
大镖客BGM
张臣dio同学
等等，第一次见面那那个画像是怎么回事
来，看左上角，明明是第一次见面，为啥会有小王和他“奶奶”的合照呢
第一次见面就有合影的屑祖孙
天！堂！制！造！
啊所以他叫“倒吊人”
墙上是承太郎吗
《戴安娜的老年生活》
《戴安娜的老年生活》
居然有指环王
你管这叫运动？
eeeeeeeeeeee
和西亚的退休生活
rick
《科学  吸血鬼》
主要：呢么左上角他们照片什么意思
倒吊人
退！退！退！
白金之星碟片被拿走了
合照都挂上了hhhhh
我笑了
等一下！第一次见面为什么左上角有合照？！
吸血鬼圈不叫dio 
拿個達爾文獎吧
《科学》
《哪个打赢跟哪个》
这个像素照咋那么像卖鱼强
“你搞的我好痛”
华点：为什么小王和奶奶第一次见柜子上有他俩的照片？
我同学也叫我老邓头
??
《氨胫纕核》
王老太：您以为我的腿疾是怎么来的？
←为什么第一次见面有画像
颜文字好可爱
数质数吧
电
危
《奶奶的》
《安静祥和》
《神父dj》
《啊也是》
德古拉：我们现在喝人造血
《  㱘  濅  㖜  㦦  》
《痛失网名王翰哲》
身上都是印子
居然是这样解决的吗？真的是太厉害了.jpg
突然好好磕。。
小王＞痛苦＞工作
哈哈哈
注意左上角的画！！！
电摇老头
《安静祥核》
昂？？？
选择性耳聋
来啦！！！
白蛇？
飞天意面（不
哈哈哈哈哈哈哈
[好家伙，成每周必看了]
见家长
我姓邓刚好有个外号叫“老邓头”，这我还以为再叫我
上下竖跳
血继限界
好耶
画风突变
吸血鬼神父？？？
《夏日威龙陈》
独孤求败？
注意看左上角的画框，她跟她奶奶不是第1次见吗？为什么会有合照
h2o可以喝
《天堂制造》
Made in heaven
神父打碟
+
白金之星
jojo
《科学》
普奇？？？
...血与酒剧情
没想到在这里也能遇到组织！
老ETO了
同意！同意！
我觉得可以
并不是，但是爱情会转移、
这都有摸头村的
看了一圈下来就你最离谱
《花少北和我的晚年生活》
""
二分钟
第一第一
第一第一
我是第一！
在叙利亚打暑假工
你们的护照呢？
第一第一
韦恩：？？？
我都二刷了，啥第一不第一的
承包空屏
沙发
蚊子hhhh没毛病
我先来霸占空屏
???小王
啊想不到
我是第一！
有人的啊
黑暗地牢
我才是！
黑虎阿福
you-know-who
小王反杀
吸血鬼怎么还秃顶呢
泪目
管家侠！！
为什么墙上有奶奶和小王的合照？
小王果然是！！
小王用最憨的语气说了最狠的话
梅开二度
哈哈哈
生日快乐！！！！
看进度条
那时的时候别叫我 
鹅鹅鹅
感动
快去监狱找有恶灵的人！
升华了!!!
北海，要多想(意味深长)
鬼进条
没有弹幕完全看不懂
我是黑虎阿福
进度条危！
？
干一行爱一行
蜜 雪 冰 城 打 钱
麦扣姓不姓麦？？
目害了
泪目
为什么他奶奶没有被感染
《你眼里的光》
律师函警告
黑虎阿福
哈哈哈哈哈
唐太宗姓唐吗
喵~~啊
太   阳   骑   士
泪目
泪目
但是有莎普爱思滴眼睛！
泪目
泪目
热乎
被…被教育了TAT
家里有城堡？！
升华了
低情商：把他鲨了
？
泪目
哈哈哈哈哈哈哈哈哈哈
泪目
老年人需要关爱
哈哈哈哈哈
看左上角
泪目
进度条不对劲
妙啊
哈哈哈哈哈哈哈哈
美妙的
豪华监狱
泪目
尊重爱情
王建国厨师哈哈哈哈
哈哈哈哈哈哈哈哈哈哈哈哈哈哈
勇闯无人区
一见钟情
黑虎阿福
北海我只能告诉你 
雷姆
家族已经在石门阵等着了
hhhhhh
救命，小王的背影好帅（bushi）
独占空屏
深藏不露小王
这波是联系上下文
阳光骑士
世界平衡～
《荣誉骑士》
明明是第一次见面为什么会有照片
耶
没人？
为你们骄傲！
你DNA里都刻了些啥
蜜血冰城咬死你
出来还带刀呢
bgm！
这怕不是蝙蝠侠hhhhh
看没有弹幕的切切视频好奇怪哦
独占空屏
哈哈哈哈哈哈哈哈哈哈哈
你也是世纪王？
阳光骑士无敌小王
那3.4万个人你们好
盲猜小王骗了麦扣
奶奶说过 
阿福揍扁了成龙（不是）
进度条不对劲
管家百分百
搞半天，小王才是本剧天花板
素材很新
泪目
泪目
《齐》
台词指导是花少北吧哈哈哈
草
嘿嘿
升华主题！！！
我叫黑虎阿福
给木棍附十点火焰效果
蜜雪冰城咬死你
哈哈哈哈哈哈哈哈
这难道不是监狱
《把他鲨了》
离谱
ohhhhhhhh
绝       招
承包空屏
奶奶说：
泪目
没开弹幕？
草
离谱
进度条不对劲
加密通话
啊♂
升华了
泪目
家主也会说中文诶！啊！
嘿嘿嘿
十岁的均码？？？
欧 洲 游 记
懂了，阿福姓阿
求bgm
不，这里有
我，就是太阳！！
嘿嘿
泪目
有点泪目
内卷现场
草
me
哦豁
进度条
嘿嘿
ko no dio da!!!!
哈哈哈哈哈哈
《有点小》
某幽灵？？？
哈哈哈哈哈
泪目
是DIO!!!!!
哈哈哈哈哈哈哈哈哈哈哈。
从根源上解决
《也妹有啊》
泪目
他的爸妈只想过平静的生活
这不就来了
我宣你
泪目
反向广告
我才是第一
痛击我队友
这就是巨石阵啊
把公屏打在泪目上
有
有
DNA动了
莫名跟着嘿嘿起来
承包空屏
欧西里斯的天空龙
哦～首尾呼应
哈哈哈哈哈哈哈
哈哈哈
我不是人
嘿嘿
把他的心解开(确信)
阿这
哈哈哈哈哈哈梦幻联动
语言指导：花少北
合理
哈哈哈哈哈哈哈哈
梅开二度
哈哈哈哈哈哈美极了
麦扣我不做人了
伏地魔~
《也妹有啊》
嘿嘿嘿
hhhhhhhhhhhhhhhhhhh
你咋知道有三个？（doge）
damn～
嘻嘻
别念了别念了
DNA动了我不玩了
这弹幕数加的好快
难怪手劲那么大 
所以 蚊子＝吸血鬼
所以火箭和宝石可以回收吗
有人
妹有
王哥牛逼王哥
杠铃般的
小王的衣服哈哈哈哈哈哈
元气骑士
nice
有
这警察帽还带着呢
出现鬼传人现象
好几万人再看诶
黛安娜真身
查理苏一定姓苏
我承包了
复仇者联盟
嘿嘿
妹有
老伏地魔了
有啊
哈哈哈哈哈哈哈哈哈哈哈哈哈
有！
哈哈哈哈哈哈哈哈哈哈哈哈哈哈哈
damn～
《把他鲨了》
所以你自己把手铐戴上了？
这真的不是核弹吗
游荡在欧洲上空的幽灵
《美妙》
没人 真香
？？？
有
hhhc
梦幻联动
蜜血冰城太草了hhh
我是黑虎阿福
DIO
所以他裝傻是為了配合......
浴袍（？
泪目
hhhhh，nice
开团！！！（doge）
…守护太阳
《美妙，清脆，银铃般的笑声》
爱情
银魂bgm煽情一绝
骄傲
ohhhhhhhhhhhhhh
赞 美 太 阳（doge）
有点难过了
少北姐姐（）
你们为什么都喜欢自己戴手铐？
进度条不简单
草
有
蜜雪冰城：你礼貌吗
4.5万
有
一个幽灵
很难想象切切在配这段时候的表情亚子
四点五万人看啦
草哈哈哈哈哈哈哈哈
头上的那个？
赤色的幽灵
觅血冰城
4.5万+在看
进度条告诉我事情并没有那么简单
空屏！
全世界都在说汉语
嘿嘿嘿
亏你能看到脚印
哈哈哈哈哈哈哈哈哈哈哈哈
有了
进度条有点不对劲
《卑。 鄙》
语音指导：花少北
赞美太阳！！
深藏blue
噗哈哈哈
所以小王当上了家主都没有姓名吗哈哈哈哈
没有
哈哈哈哈哈
哈哈哈
老章北海了
泪目
哈哈哈哈哈哈哈
黑客打击b站
奶奶肠缩
小王估计是被非洲人打坏脑袋了(doge
4.6万人在同时看好家伙
泪目
袜
你在说谎啊小王
泪目
煤炭
茄哥记得吃润喉糖
哈哈哈哈哈哈哈哈哈哈哈哈哈哈哈哈哈
嘿嘿
嘿嘿
小王：我舍不得你，警长～
屁味攻击
绿 色 战 衣
有～
那个宝石......它会不会在炉子里？
《物理魔法》
这是数码宝贝的那个boss
？
《银铃般的笑声）
哈哈哈哈哈
拖马头他姓不姓拖？
《银 铃 般》
王瀚哲！
《深藏不露》
承包空屏
嘿嘿
嘿嘿
嘿嘿(º﹃º )
要素过多
如果太阳宝石被偷了那太阳也木大了
泪目
山西追踪正常
哈哈哈哈哈哈哈哈
不要什么都往DNA里刻啊！
？
小王裤子被扯了hhhh
反客为主噗哈哈哈哈哈
吸    血   冰    城
啊这
在那画上
小王有腹肌啊
有的
2251弹幕3.2万播放惨案
有
太原追踪正常
精神汙染
后面好像坟墓
我
DNA动了
勇闯无人区
那没事了
哈哈哈哈哈哈哈哈救命
有
有
不，有
大   呲   花
哈哈哈哈
蚊子~
柯南BGM哈哈哈哈嗝
好耶
嘿嘿
哈哈
有
damn～
？？。
空屏
狠人小王
这个BGM好熟悉
雀 食
盲猜德古拉他同学
有
不不不
哦～damn，我只想答答答答题
damn～
左下战争机器gear标志瞩目
不不不
泪目
宣誓
总感觉和前面的诈骗对上了
 春节2000响够不够
小王的奇妙冒险
您说啥↑
long may the sunshine
你咋知道是三个的
哈哈哈哈哈哈
有
安心上路
?????
边干饭别看
一听就是老让子弹飞
这也能卷？？？
《紧跟实事》
都2021了用火箭来辅助魔法也未尝不可
有，那必然有
有人
你错了
有
难道小王是太阳之子？假面骑士black doge 
承包空屏
有我
。
还好啦哟还有我
类目
麦扣头发绿的？
《古典》
荧光闪烁！
又是空屏……
现在有了↑
承包空屏
有我
所以，蚊子=吸血鬼
4.8万人你们好
看视频都挺认真的
数码宝贝狂喜
杠铃般的笑声
《  魔  法  》
看进度条，不简单啊！
所以会变聪明吗(ﾟoﾟ;;
泪目
确实
"回家写两百字作文,明天上交"
讓我來證明開了彈幕
关于这个古宅有多少外人（dog）
嘿嘿
哈哈哈哈哈哈哈哈哈哈哈哈哈
泪目
升华主题
有我【doge】
嘿嘿
吸血魔兽
泪目
十 岁 成 年
承包空屏
别念了师傅别念了
警 长 你 能 不 能 别 摸 我 了
小王十岁均码限定皮肤
银魂!!!!
《魔法》
这P的吧
有的
小王的裙子被撕下来做火炬了
有其他人
原来小王是王老菊！
嘿嘿
特殊能力（指替身）
承包空屏
魔法
我来组成弹幕
突然发现自己居然这么早
“小木棍”
《美妙》
我总算明白上集你为什么没被两怪物杀死
草
不存在的记忆增加了
泪目
太阳没了
嘿嘿
暴雪山庄失窃案(确信)
血脉的联系
所以小王一直穿着十岁均码的衣服？？？
哈哈哈哈哈哈哈哈哈哈哈哈哈哈
蜜血冰城打钱
dio
“小木棍”
哈哈哈哈
蜜血冰城打钱
damn～哈哈哈哈哈哈哈哈
独霸空屏
嘿嘿
祝您万事如意（点燃）
嘻嘻
这。。乌姆里奇？
合理
像极了被老师强迫发言的你
诶嘿
泪目
小王的衣服是不是被撕了
一生的使命
泪目
法术秘籍:煤炭，木棍
还有上班不能看漫画
最左边，林克是你吗
智力平衡
手劲儿大的重要性
？有的
三个憨憨
这里BGM是啥？
nice
承包空屏
自报家门
梦幻联动
真《第一次》
你给路打油
空屏我的！
升华了！
？？奇怪的DNA增加了
他到底傻不傻啊
蜜雪打钱
少北阿姨好
我是鸽子不是人
一束阳光
嘿嘿
乌鸦坐飞机?
泪目
《替身使者》
哈哈哈
泪目
哈哈哈哈哈哈
靠小王的衣服有一点点性感
《精灵宝钻》
哈哈哈哈哈
蚊子
你给路打油
五万了
《杠铃般的笑声》
哈哈哈
所以你和养老院的两位有什么关系
？
《可靠》
泪目
暗黑地牢？
哈哈哈哈哈哈哈哈
盲猜阿福圈钱跑路了
表 观 遗 传
宣誓吧
帝王石DOGE
一个幽灵！
进度条感人
♂
《啊♂》
QAQ
4.9+人你们好
火 元 素 魔 法
泪目
赞美太阳
裙子？有趣
嘿嘿嘿
在叙利亚打暑假工
艾哲红石！
打火机魔法
“不    用      谢”
小王衣服被扯了
《无比熟悉》
五万人你们好（doge）
5              2               0             1                  3                  1          4
嘿嘿嘿
不破谏
嘎嘎
泪目QAQ
更正4.9w
进度条不简单
诶嘿
进度条暴露了一切
你管这叫太阳
哈哈哈哈哈哈哈哈哈
在叙利亚打暑假工
自投罗网
裙子!
怪不得手劲这么大
哈哈哈哈哈哈哈哈哈
北海，要多想啊……我只能告诉你，要多想多想啊
13209个人一起看
承包空屏
《物理魔法》
嘿嘿嘿嘿
泪目
DIO
a
杠铃般的笑声
泪目
第37代格拉摩根伯爵兼瓦拉吉亚国王
《古典》
很明显这个吸血鬼还没有参透水也能解渴这一核心技术
你不是一人
奶奶难道是好斗地织起了毛衣？或者没受影响！
下饭
小王不会是吧？
成年仪式——登dua郎
小王你就宠他吧
哈哈哈哈哈哈哈哈
好家伙家主莫不叫王老菊
你宝石就这样防护的？
哈哈哈哈哈哈哈哈哈哈哈哈哈哈哈哈
注：瘟疫公司里巨石阵与暗影瘟疫有关
嘿嘿        嘿嘿
《我打火机呢》
生化武器
？小王是吸血鬼?
进度条
绿色战衣（bushi）
奶奶常说
哈哈哈哈哈哈
起烟了？
《那一天全世界的人都看到了他奶奶（doge)》
I won't take an oath
五万人你们好
这就是深v吗
这个宝石的别名不会叫艾哲红石吧
有
泪目
白银城
有了我你就不是了
柯南
I have a job
浴袍
泪目
这不是监狱？？？
我竟然预判到了这个屁
和火炬魔法同理
小王腿好细（bushi
这么厉害？
简化版国际象棋
这孩子打小就聪明
泪目
动作指导：大雄
有
召唤神奥西里斯天空龙
阿福????
赞美太阳！
“嘻嘻   嘿嘿   嘿嘿”
嘿嘿
注：小王的衣服被撕一块做火炬了
好耶！
黑虎阿福
承包空屏
柱之男
阿瓦达啃大瓜
物件将在五秒钟后吹口哨
【承包空屏】
草啊哈哈哈哈哈哈哈哈哈哈哈哈
哈哈哈哈哈哈哈哈
《杠铃般的笑声》
《迷    之    联   动》
《 整 齐 一 致 》
《不杀之恩》
好耶！
那么吸血鬼可知道月亮的光芒来自于太阳的反射呢
你可以去找普奇神父或迪奥·不懒惰
巨石阵？
嘿嘿嘿
Dio
嘿嘿嘿
王瀚哲：？？？
医学奇迹
我 裙 子 要 被 吹 起 来 了
嘿嘿嘿
哈哈哈哈哈哈哈哈
哈哈哈哈哈哈哈哈
有
蝙蝠侠：你礼貌么
燃起来了！
嘿嘿
打破空屏
哈哈哈
嘿嘿嘿
泪目
他怎么知道丢的是宝石？
泪目
哈哈哈哈哈哈哈
进度条瞩目
布鲁斯韦恩：那我是小王？
哈哈哈哈哈哈哈哈
王姓的狂喜（
5.1万
乌姆里奇
乔斯达•小王与花京院•麦扣的奇妙冒险
阿福，你会弗朗明哥舞步咩
哈哈哈哈哈哈哈哈
帝国进行曲好评
嘿嘿真的有
仔细看小王好像有腹肌
把 心 解 开
嘿嘿嘿
帝国万岁！！！！
小王，身材好的。
原来是王老菊
嘿嘿
这儿不是爱尔兰吗
破案了老王是蝙蝠侠
草
北海 要多想
此时有四个傻瓜在嘿嘿
泪目
约等于见家长了吧
《好的》
哈哈哈哈笑会传染我信了
DNA懂了
进度条不对劲
泪目
梦幻联动
不装了 我摊牌咧~
右边的画显示的就是这个地方诶
爱尔兰人说中文？？
泪目
警长只想把小王送走度过一个没有加班的周末而已
甚至还有苏格兰风笛
梅开二度
泪目
登dua郎仪式(doge
泪目
守护太阳
那 为什么奶奶那么淡定？
童子军？
哈哈哈哈哈哈哈哈哈哈
我 就 知 道
额
《回家的诱惑》
好色哦。
警长，现在情况紧急，我们把吸血鬼杀了吧
BGM好评
塞尔达
史高治麦克达克
哈哈哈哈哈哈哈哈哈
哈哈哈哈哈哈哈哈
吸血魔兽狂喜
所以小王是近亲的孩子什么
哈哈哈哈哈哈哈哈
B乎现状
哈哈哈哈哈哈哈哈哈哈哈哈
给木棒附魔火焰附加40
哈哈哈哈哈哈哈哈哈哈
←刚才这里闪过一个鼠标
ko no dio 哒！
藏
资本家
赞美太阳
有了
麦扣姓不姓麦
柯南既视感
天黑请闭眼
？？草
哈哈哈哈哈哈哈哈哈
？我不对劲
我刚看完克苏鲁里的墙中鼠
物 理 魔 法
盲猜在石像里
嘿嘿
《    同    类    相    吸    》
嘿嘿
泪目
梅西姓不姓梅
摸♂
summer day怎么能少的了你～～～～～～～
做火把不应该下面一个木棍上面一个煤炭就变出来了吗
泪目了
杠铃般的笑声！
《王家》
泪目
科比姓科（确信）
阿 波 罗
《厨  师  姐  姐》
话  事  人
后羿？（bushi）
欧洲，吸血鬼，怕太阳，DIO
赞美太阳
难道这是布鲁斯韦恩家吗？
哈哈哈哈哈哈
红红火火恍恍惚惚
看不到太阳又不代表太阳不在
赞美太阳～！
战力天花板
哈哈哈哈哈哈
嘿嘿
《觅血冰城》
巴  士  底  狱
爱尔兰风琴
银魂的bgm
泪目
泪目
艾哲红石
那5.3w人你们好
damn～
觅 血 冰 城
吸血鬼内卷石锤
泪目
《上升气流》
薛定谔他姓不姓薛
long may the sunshine!
问题来了，为什么奶奶没被影响到
《家猪》
泪目
哈哈哈
嘿嘿
哥谭的黑暗骑士——小王。
这是不是数码宝贝里的吸血鬼啊 :)
《全 世 界 都 在 说 中 国 话》
紫烟
林克
泪目
是Dio!
有毒啊哈哈哈哈哈哈哈哈哈
雷 斯 一 家
开团
开团
谢谢你，泰罗
5.3w的家人点个赞吧
查理苏确实姓查
《 异 口 同 声 》
龙卷风摧毁停车场！
爱尔兰风笛！
注意，小王裤子被撕了一些
嘿嘿嘿
摄魂怪
腹肌？
梅开二度
是猕猴桃汁吗
嘿嘿
《整 整 齐 齐》
深化主题，反映社会老龄化带来的不便及爱心人士乐于助人的精神，呼吁社会向他们学习
DIO！
哈哈哈哈哈哈哈哈哈哈
黑暗降临（
侦探是被忽悠瘸了吗？
吸血鬼怕太阳？
dio
路飞姓不姓路，鲁滨鲁
ko no Dio da！
嘻嘻
太阳？......！赞美太阳
泪目
难怪小王可以跨世界交流
dio
艾哲红石
成为正义的太阳骑士
泪目
所以开头那个吸血鬼怎么活下来的？
我知道，是僵尸
我们必须铲开心灵
宝石这不也炸了？？一次性？传承36代？？
黑暗の皮衣
然后流浪地球计划就启动了
绝了
泪目
艾哲红石
哈哈哈哈哈哈
Damn
左上角的照片啥时候拍的啊
哈哈哈哈哈
卢梭姓不姓卢
荧光闪烁
《嘻 血 鬼》
你要我如何从这一堆像素点上看出脚印？
 花 少 北
哈哈哈哈哈哈啊哈哈哈
哒咔，扣投哇路
《那没事了》
永恒烈阳
哈哈哈哈哈哈哈哈哈哈哈哈哈哈哈哈
死亡诗社的BGM
现代魔法
欢迎收看《十个泪目九个笑》
左拉姓不姓左
《欧洲游记》
吉良吉影：我又有伴儿了
感觉是小王被诈骗了
你快看！太阳出来了！
莫泊桑姓不姓莫
哈哈哈哈
嘿嘿
欧拉欧拉欧拉欧拉!!!
塞尔达
李斯特姓不姓李
高尔基姓不姓高
少北奶奶
泪目
正黄旗
我想我知道了
林克
Long May The Sunshine!
诈骗手段
写日记向大公主汇报
语 言 指 导 ： 花    少    北    丶
嘿嘿
这无力的超能力～
泪目
哈哈哈哈哈哈好家伙
雪狼破军（无端）
《黑色上衣》
？
管理员不是在阳光下吗？
嘿嘿嘿
《    登    dua    郎    仪    式    》
damn~
石门阵那个
开团！！doge.
？
5.3万人再看
迈扣他姓不姓麦
王路飞姓不姓王
奈斯~
把他sa了
泪目
嘿嘿
泪目
小王以前的上司，叫戴安娜是吧
哈哈哈哈哈哈
 宇     宙     公     主
我们的太阳被炸掉了
《物理魔法》
刚刚不是36代吗
蚊~子
宇   宙   公   主
北子哥
爱 尔 兰 风 笛
《古典而有神秘》
h'h
QAQ
啊？你说啥
说实话，这像素你说它是一幅画我都信
嘿嘿
艾哲红石
吃大蒜吧
我，就是太阳！
我刚好在蜜雪冰城
达斯小王
好耶！
开团
哈哈哈哈哈
利威尔（bushi）
赞美太阳
2000响够吗（Doge）
北海要多想？「doge」
元气骑士
我靠
盲猜诈骗
王の思考方式
哈哈哈哈哈
ko no DIO da
摸♂
打火机没了
新年快乐
你一直在笑，都没有停过
蜜雪冰城：对不起，奶茶我们不能卖给你了（doge）
dio
梦幻联动
泪目
是幽灵（确信）
伏！      地！      魔！
吸血鬼家族？
5.1万人正在看
这个是个DLC
好家伙奶奶是戴安娜吗
辣弟小王（
哭泣天使!!!
泪目
王嘴炮
哈哈哈哈哈哈哈哈哈哈哈哈
不用谢
荧光闪烁！
掰尔坎
闭眼新世界
小王的腹肌！
来   准备宣誓
嘿嘿
办成了就能多添点家当，办不成就能跟着一起埋喽
哈哈哈哈哈哈
小王的腹肌woc
QAQ
好熟悉的布局
哈哈哈哈哈
在欧洲游荡!!!!!!!!!!!
鬼鬼，你秃了
黑虎阿福
没毛病啊
天空之神：你们送过来一个什么东
哈哈哈哈哈哈
泪目
蚊   子
凯尔特人
红红火火恍恍惚惚
有
哈哈哈哈哈哈哈哈哈哈
老番茄他姓不姓老？
好厉害的超能力啊！
半径20米的绿宝石溅射
都是致敬
这奶奶说话跟rap似的
简译：姨母笑
泪目
艾哲红石
海绵宝宝
黑虎阿福
hhhhhhhhhhhhhhh
damn～
《未曾谋面的也终会相遇》
库里姓不姓库
泪目！
小王:奶奶曾经说过……
茄茄音调好可爱～
ko no dio da！
蜜雪冰城：你礼貌吗
蜜血冰城
嘿嘿
嘿嘿
《摸法》
乌鸦坐飞机
emo
升华了升华了
泪目
我说小王衣服怎么短了hhhhhhhhh
全世界都在说汉语
小王，新一代龙王
泪目
姐妹你玩水吗
捣蛋鬼，别捣乱
升华了
神父呢？
《 警 察 》
4.8万人你们好
哈哈哈哈哈哈哈哈哈哈哈哈哈像穿了裙子
DIO
理查德。。
找一根木棍，往上面加20點火焰傷害
上面那个老CODM玩家了
能力指导：伊吹风子
赞美太阳
银魂！
我特妈
孟德尔姓孟
地道总司就是您吧（doge）
宣誓效忠（doge）
原来是王氏集团董事长的后裔
小王·韦恩
婷哥直呼内行
bgm刻进DNA
它绚烂的犹如烟火般炸开了
不存在的回忆增加了
拽拽到欧洲？？我看你分明就是自愿的kswl
《精灵图书馆》
马尔福姓不姓马？
好了，破案了小王姓韦恩
那霍金和霍元甲是不是一家人？
银魂！！！
精灵王
这进度条
神父
杠铃般的笑声
啊～雪莉
注意，这里只有小王喊了“新年快乐”……
这是杠铃吧
梦幻联动
泪目
把他心结剪开
321开团
大土狼般的笑声
伤物语
那哥伦布和哥斯拉是什么关系？
淦我为什么突然想到了锈湖天堂岛
泌 血 冰 城
要素过多了
ko no dio da!
哈哈哈哈哈哈哈哈哈哈哈
泪目
艾哲红石
这个剧情好像憨豆先生里的有一集哈哈
   左边是林克吗
银魂！
犹太人
呵呵
泪目
赞美太阳顺便，赞美釹神
肖申克-小王的救赎
《金克拉》
泪目
不杀之恩即为大恩，所以小王算你恩人
√
“那么，让我任性一次吧，麦扣”
危
Dlo!!!!!!!!!!
章北海：你是我爸？
嘿嘿
小王是不是失忆过
哈哈哈哈哈
布鲁斯韦恩：你礼貌吗
谢谢，听见了第四声嘿嘿
我怎么也跟着嘿嘿了，嘿嘿
为什么小王奶奶就在吸血鬼旁边却这么淡定地织毛衣？
戴个避光戒指
哈哈哈哈哈哈哈哈哈哈哈哈哈哈哈哈哈哈哈哈
《老番茄》
进度条警告
均 衡 教 派
嘿嘿
吉良吉影
弹幕护体
神意秘会的第四家族
王家长眠之谷与太阳龙因蒂
开心鬼
泪目
《见家长》
《超  古  代  神  秘  魔  法》
《异 口 同 声》
承包空屏
龙卷风摧毁停车场
端上去，开造
超新星燃烧
上天哈哈哈哈哈哈
警告/////进度条已过半////警告
巴黎世家！？
泪目
起来传火
林克的！回不来了！
。。。
泪目
奥西里斯的天空龙
握  日
补办一个拉克希尔仪式doge
《异口同声》
登dua狼！！
没毛病
北海 要多想
手劲儿大的原因找到了
 小王=塞莱斯抵押公主
！！！星战迷狂喜
魔法
《火箭》
哈哈哈哈哈哈哈哈哈
哈哈哈哈哈哈哈
哈哈哈哈哈哈哈
《好耶》
嘿嘿
嘿嘿嘿
左上角为什么有小王和奶奶的合照，不是第一次见面吗
《小木棍》
赞美太阳
成年仪式（
泪目
peace anf ;love
奶奶为什么没被影响？
3个客人
KO no dio da！！
好强啊
需要献祭三只怪兽
我还以为是第3集小王咬绳子的牙
银桑
问题来了，为什么奶奶没有被吸血鬼影响
一个幽灵
查里苏那个笑死我了
嘶 我懂了！原来蚊子才是真正的吸血鬼！
嘿嘿嘿
小王突然开窍
好耶
Dio
ko no dio da！！！
嘿嘿嘿
我也看到了
麦克阿瑟姓不姓麦
ko no DIO da
一个木棍和一个煤炭就好啦
身价倍增
笑死
全世界都在说中国话
麦克阿瑟姓不姓麦
全世界都在讲中国话～
梦幻联动
在叙利亚打暑假工哈哈哈哈哈哈哈哈弹幕都是人才
Dio！
泪目
有
确定不是只是单纯的天亮了？
肖像是粉头发）
爱尔兰说中文（DOGE)
精灵旅社4！！！！！！！！！！！！！！！！！！！！！！！！！！！！！！！！！！！
小王那么牛的吗
嘿嘿
哈哈哈哈哈哈哈哈哈哈哈哈
麦扣：又是一个小细节
哈哈哈哈哈哈哈哈哈哈哈哈哈哈
这吸血鬼的前世怕不是个大象
谋 权 篡 位
杠铃般的笑声
草
小王的裤子……
真的吗哈哈哈哈哈哈
小王不会也是吸血鬼吧，，，，
真整齐啊
蜜雪冰城打钱
赞美太阳
一直都想问一下左上角那个是啥
吸血魔兽我靠
草
嘿嘿
你真棒！
语言指导：号儿北
植物园
继承家族小王
吸血鬼也卷
把他S了=心结解开
泪目
月下三兄贵
巨石阵在爱尔兰？
泪目
这咋潮化了
继承始祖巨人
"等等,这里是有神父来着吧"
查尔曼大帝十二骑之一 阿福
bgm好熟悉
泪目
大雄绝技：鼻孔喝面条
有点辣哦
登dua啷
裙子？！
哈哈哈哈哈哈哈哈哈哈哈哈哈哈哈哈哈哈哈哈哈哈哈哈哈哈哈哈哈哈哈哈哈哈哈哈哈哈哈哈哈哈哈哈哈哈哈哈哈哈哈哈哈哈哈哈哈哈哈哈哈哈哈
三年之期已到...........
奶奶说的
和  而  不  同
哎嘿~
哈哈哈哈哈哈，小王衣服被撕啦
北海，要多想
哈哈哈哈哈哈哈
  整  齐  划  一
精灵旅社！啊啊啊啊啊
什么心结？嗯...是窦房结...（doge）
泪目
刻在DNA里的回忆
你需要艾哲红石和石鬼面
王波罗
神父与吸血鬼？？？ko no dio na
憨豆先生
万年经典三选一
《小   木   棍》
蚊子
ko no dio da
李斯特他姓不姓李
看得出小王的腹肌欸
哈哈哈哈哈
那霍华德他是不是姓霍，哪戴维斯是不是姓戴，那唐斯是不是姓唐，哪罗斯是不是姓罗，那艾弗森是不是姓？艾
这叫科学！
不要上班看漫画
泪目
家 猪
反客为主噗哈哈哈哈哈
哈哈哈哈哈哈
吸血鬼家族
银铃
名侦探老番茄
究极生物
一个幽灵
方便私奔？
梦幻联动
我舅是太阳 
我是欧洲贵族我摊牌了摊牌了
切切你也是!!!
我总算明白上集你为什么没被两怪物杀死
真•生化武器
杜兰特他姓不姓杜
懂了小王，名字 王Jo-jo王 ，简称JOJO（）
小王，我是太阳的抉择
我叫黑虎阿福，你准备受死吧
《现代魔法》
蚊子不就是吸血的吗
裙子？
小木棍……
ko no dio da
3.8万的朋友，你们好啊
“那么，让我任性一次吧，麦扣”
怪不得手劲那么大
哈哈哈
哈哈哈哈哈哈哈哈
《美妙，清脆，银铃般的笑声》
阿福姓不姓阿
刻在DNA……刺客信条吗这是？
《精灵旅社4》
正片开始
阅读理解
这声音好像是老番茄以前的笑声。
物 理 魔 法
嘿嘿
特殊能力指：The would 咋 瓦 鲁 多
嘿嘿
嘿嘿
不要什么都往DNA里刻啊！
哈哈哈哈哈
DNA被重塑了！
吸血魔兽哈哈哈哈
我，就是太阳！
裙子？！
进度条感人
↑老使命召唤了
哈哈哈哈哈哈哈哈哈哈哈哈哈
银魂！！！
梦回中学生
电费忘交了
太整齐辣！！！
《美妙，清脆，银铃般的笑声》
邓布利多：这比魔法好用多了
木棍+煤炭
王瀚哲：?
泪目
hehe
蚊       子
小王hso
感觉小王妹穿裤子
见父母
与时俱进
哈哈哈哈小王穿条内裤吧
恭迎龙王！
鬼舞仕无惨！！！
泪目
硬核魔法
太阳骑士
BGM很有趣
老巴黎正白旗的欧洲贵族
hhhhhh
泪目
ko no DIO da
赞美太阳
Ko no did da 
料到了！有毒气体！
泪目
？？哈哈哈哈哈哈哈
《美妙的，清脆的，银铃般的》
卧槽
能冲
战力天花板
蕾米莉亚，红魔馆永夜异变
DIO
哈哈哈哈哈哈哈哈嘿嘿
哈哈哈哈哈
泪目
嘻嘻
魂……魂器？！
哈哈哈哈哈哈哈哈哈哈哈哈内卷了
騼駕龗襹騺欃
盲猜手劲是铺垫
前面的爱丽姐妹别走！这无力的超能力！
泪目
哈哈哈哈哈哈哈哈哈哈哈哈你们怎么那么多钱草
《 这 无 力 的 超 能 力 》
这应该是哨笛
嘿嘿
《 这 无 力 的 超 能 力 》
重新定义什么是
小王裙子烂了哎
D            I            O
宝石——
这是裙子叭
西撒！
《 嘻 血 鬼 》
银魂
乌拉！！！！！
蚊子是一生敌人
啊这
《 麻 瓜 不 懂 的 魔 法 》
小王x警长给个tag呗
哈哈哈哈哈哈哈哈哈哈哈
草
ko no dio da！
银魂！
蚊～～子～～
“逃跑的太阳！”
老番茄模仿某幻君模仿花少北的语气的语气
萤！光！闪！烁！Lumos！
银他妈！
银他妈！
哈哈哈哈哈哈哈哈哈哈戴安娜
哈哈哈哈哈哈哈哈哈哈哈哈或草
小王白切黑石锤
233
蜜血冰城谁还敢喝啊
查理苏他信不信查
林加德他姓不姓林
hhhhhhhh
奶奶没事！有问题！
泪目啊
荧光闪烁
家主的拐杖
太阳氦闪爆发
戴安娜？
阿福！！！是阿福！！！
这个小王是另外一个世界的，所以这么强
赞美太阳
我不宣誓，在这个世界，我没有感受到爱（云天明）
哈哈哈哈哈哈哈
专业名词：集体潜意识
小约翰可汗封的老巴黎正白旗
这这这  针不戳啊
蚊子      精（hhhhhhhhhhhhh）
进度条告诉我没那么简单
资本家太精辟了吧
 与其偷太阳宝石不如偷个艾卓红石
哈哈哈哈哈哈
3.4万
朔间零！
吸血魔兽
甜美笑声休宁凯
woww
这服装，是精灵族吗？
？？？？？？？？？？
萧伯纳姓不姓萧
嗨美釹
ko no dio da
语言指导:散人 花少北
赞美太阳
？诶那小王奶奶怎么没被影响明明还离得那么近
泪目
《欧洲游记》
小王好狠
哈哈哈哈哈哈哈
老花北了呢
银魂BGM好评
登dua郎
魔法
哈哈哈哈哈哈哈
登dua郎
那个画上是一个吸血鬼
一个幽灵
纪伯伦姓不姓纪
反客为主
好耶！是白毛祖宗！！！
资本家
一根木棒和一块煤炭就行了
0
休息吸血鬼在镜子里照不出来，另外见到太阳就会死
奶奶说：一起为了艾欧尼亚！
13点36分，有没有人
荆 棘 公 交
乔斯达家族
方   舟   会
泪目
新联快乐
泪目
正在看的兄弟们
赞美太阳~！
'
梦魇之月！
神父是怎么和吸血鬼和谐相处的
？
梅开二度
一个木棍加一个煤炭！
银魂炸出
这.....赞美太阳
？？？？？？
躲猫猫？
哈哈哈红红火火恍恍惚惚或或
战斗力天花板
KO NO DIO DA!!!!
哈哈哈哈哈哈哈
《美妙》
未曾谋面但感觉很熟悉，你有玉吗？
哈哈哈哈哈哈哈哈哈哈
嘿嘿
神を呼ぶ！降臨せよ！オシリスの天空竜！
物理魔法
？？？？
特殊能力：咂瓦鲁多
肖申克的救赎。
哈哈哈哈哈哈
泪目
确实
银魂经典BGM！泪目！
？？？？？
笑死
资本家
小王威慑度：10%
你给路打油
ko no dio da
汤姆姓不姓汤
嘿嘿嘿
罗  宾  起  源
？
物理魔法
《论成年仪式为什么会有10岁的尺码》
全剧战力天花板
ko no dio da!!!!
王生堂第37代堂主
原来用鼻孔喝牛奶是真的
草↑
循  循  善  诱
ko no dio da!!!!
现代魔法
满分作文
不装了 摊牌了
？？？？草
这是我没有想到的
我，就是太阳
这一幕好有感觉！
哈哈哈哈哈过
老old money了
进度条警告
泪目
带《火星》的小木条
hahaha
草
泪目
KO NO DIO DA!
哈哈哈哈哈哈哈哈哈
诶～我还以为结束了呢
鬼舞辻无惨！！
哈哈哈哈哈哈
哈哈哈哈哈哈哈哈哈
哈哈哈哈哈哈哈
如果说情绪会感染那为什么奶奶没有被感染
最后一个？他怎么知道的
神意密会
1
嘿嘿
笑死
为什么奶奶正儿八经的没被影响
 阴 间 般 的 笑 声
不姓
不愧是你
龙卷风摧毁停车场
我不岛啊
我是黑虎阿福
棘刺公交突破收容了(确信)
哈哈哈哈哈哈哈哈哈哈
哈哈哈哈哈哈哈哈什么东西
笑死
赞美太阳！
去叙利亚打暑假工
凤凰社
詹姆斯姓不姓詹
？倒也没错
ko no dio da
赞美太阳！
我
怕怕
hhh
嘿嘿嘿
原来小王是王老菊？？？！！！
爱尔兰家乡的中国话
嘿嘿
升华主题
草，生了出来
给他拍电影
给他拍电影
泪目
管理员的高中同学:德古拉和迪奥（确信）
性感小王在线查案 
哈哈哈
？不至于！
苏格兰风笛？
我还以为要结束了结果进度条君很给力
这很柯南
老王家站起来了
默契
现场换衣？！
原来小王你就是王多鱼啊哈哈哈哈哈
什么好？
牙4既视感
泪目
叫乔斯达
泪目
后羿。
焦耳…………
感人
吸血鬼都可以制造尸生人（doge）
打暑假工
法术秘籍：合成表
damn～
哈哈哈哈哈哈哈
婷哥狂喜
银魂
这是文明里苏格兰的bgm吗，好像，文明6
这里的BGM是取自银魂的
nice
德国的贵族都姓冯
哈哈哈哈哈哈哈哈
这BGM。。。。
放屁？
哈哈哈哈哈哈哈哈哈
还就rap起来了
QAQ
都有火了，还是物理吗？
哈哈哈哈哈哈
资     本     家
小王，请穿上裤子说话
啊好宠
HHH
2.8万的人，你们好
哈哈哈哈哈哈哈哈哈哈哈哈哈哈哈哈哈哈哈哈哈哈哈哈哈哈哈哈哈哈
画？
哈哈哈哈哈哈哈
梦 幻 联 动
嘿嘿嘿
Dio
泪目
蜜雪冰城：你礼貌吗
草
哈哈哈哈哈哈哈哈哈哈
泪目QaQ
泪目了
太阳照常升起
赞美太阳！
牵手啦【doge】
正片开始
赞美女神
拉塞尔他姓不姓拉
小王：我不宣誓了，我宣你
泪目
警長 : 好吧你被fire了再見hhh
北海，要多想
赞美太阳！
↑老mc了
sun is down
泪目
Weeping Angel!
帝国进行曲！！
哈哈哈哈哈哈哈哈
泪目泪目
泪目
等等，奶奶的情绪怎么没被感染?!
我叫黑虎阿福
泪目
泪目了
嘻嘻嘿嘿哈哈诶嘿哦齁啊哈恩哼~
鬼见条
三——木——
《现代魔法》
用最蠢的语气说出了最危险的话呢小王
《小木棍》
泪目
不应该是36代吗
泪目
雷姆
小王：我，就是太阳
哈哈哈哈哈哈哈哈哈哈哈
DIO
草
哈哈哈哈哈哈哈哈哈哈哈哈哈哈哈哈哈哈
银魂啊啊啊啊啊啊！！！！！
这城堡让我想到了马丁
ko no DIO da
嘿嘿
内卷到这啦
DIO!
甜美的，蚊子滚出宇宙！
我喜欢我
离谱
《one more thing》
就差帽子也换成绿的
鼻孔喝水 哈哈哈
因特耐雄尔
你是鬼舞辻无惨什么人
精灵旅社
《古典而又神秘》
赞美太阳！
银魂！！！！！！！！
赞美太阳！
深藏不露呀！
撸镁条
小王你怎么膨胀到对着上司喊他的全名了（bushi 
整整齐齐哈哈哈
嘿嘿
好npc的对话
真理之剑
朔间零！(不)
dio
手劲大
一个木棍加一个煤炭。
王老菊
不是这小王裙子咋还变短了
在那之前，要多想
草，锈湖
1                                     1
草，吸血魔兽
另外的2.5万人，你们好
嘿嘿嘿
哈哈哈哈哈哈
真理之剑那个站住
你和这些行李，就是我的全部家当了
不 破 谏
全世界都在讲中文
这个BGM叫什么捏?
泪目泪目
泪目
我，就是太阳
麦扣姓不姓麦
还有蚊子
进度条？
哈哈哈哈哈哈
泪目
氢弹
小王好牛
韦恩：你礼貌吗？
嘿嘿嘿
开团
嘿嘿
我以为是椅子草
泪目
开团！
绝了
哈哈哈哈哈哈
美妙的 清脆的 银铃般的
蕾姆
看进度条
哈哈哈哈哈哈
KO NO DIO DA!
一个幽灵！
麦克达克城堡
哈哈哈哈哈哈哈
冲
我选
哈哈哈哈哈哈哈哈哈
英国吸血鬼
泪目
那没事了
nb
原来如此...
2.4 万人你们好！！
泪目
泪目
薛西斯姓不姓薛？
蝙蝠侠
看见鼠标了
老实说，你们的DNA都被刻满了吧
DNA:拿来吧你
吸血鬼！
科学の魔法
赞美太阳！！！！！！！！！！！！！
kdl
正常人也可以用鼻孔喝水。
嘿嘿
一个红色的幽灵！
Ko no dio da 
为什么奶奶貌似没被印象
哈哈哈哈哈哈哈哈哈
泪目
泪目
泪目了兄弟们
call back
血鬼术
诶
老三体了
出现了，吸血鬼传人现象
银魂
哈哈哈哈
？？？
泪目
还有一件事（老蝶嗓）
蒸蒸日上哦
王德发
泪目
牛
嘿嘿
原来您就是复仇者联盟的奶奶（doge）
dio
奶奶常说：不留活口！
杀手47的业余生活
神秘意会
把心脏解开
哈哈哈哈喜剧效果lM哈哈哈哈哈哈哈
两小时！！！(破音)
嘿嘿嘿
曼哈顿博士的实验室！
哈哈哈哈哈哈哈哈哈好活
也没错
泪目
为啥是三只嘞
为毛这城堡有种监狱的感觉
嘿嘿
《觅血殡城》
你都没停过！
救命！！！！！！！！！！！！！！！！！
Long may the sunshine!!!
刘易斯汉密尔顿：我叫刘爵士
哈哈哈
棒棒鸭！
太阳照常升起
泪目
刘易斯 汉密尔顿
咳是47的暗号
？？？？？？
大哥，请让我任性一回
阿拉霍洞开
血味饮料？？？
画像吧，画像看起来不是正常人
小日。。子过得不错的小王爸妈
查理苏他就姓查
；
刘易斯我们体育老师
321开团！
赞美太阳
王  家  味(doge)
泪目
查理九世第24册
如何做水气球
警长，你也是家当的一部分呦
泪目
这小狗坐的台子好像小电视
那为什么奶奶没有受到管理员的情绪影响
其实也差不多
哈哈哈哈哈哈哈哈哈哈
血雾异变?
泪目
这样当家被偷了也不怕啦~
为什么他卫生间没有马桶
《一定要小心一点小王》
天照？
所以里世界里的小王现在是什么样
《银魂》建议大家别在B站看
平凡但伟大
天命
这是超人之死的配乐
突然发现小王比例好好啊
《猩球崛起》
日之石
嘿嘿
如金属相扣，叮叮当当。
前面有说到最近诈骗比较多
哈哈哈哈哈哈哈
均 衡 教 派
wryyyyyyyyyyy
泪目
《世界百家姓》
你舅宠他爸
このDIOだ
一个幽灵，在欧洲大陆徘徊
我~好～恨~啊~
钱德勒姓不姓钱？
语言指导：王兰花
哈哈哈哈哈哈哈哈哈哈哈哈
有个人姓科，叫科比
开团(bushi）
泪目
非静止画面
进度条过半
蚊子～
哈哈哈哈哈没毛病
哈哈哈哈哈哈哈哈
好家伙，这是大蒜味的屁（doge
《水枪》
哈哈哈哈哈哈哈哈
求BGM！！！
求BGM
嘿嘿
北海，要多想
ko no dio da！
damn～
所以奶奶为什么这么平静？
补办一个
嘿嘿
草
应该是47
小王牛牛牛
你就是布鲁斯韦恩的管家吗
寻找逃跑的太阳
泪目
泪目
暗黑的皮衣
卧槽爱尔兰哨笛，细节
不对劲
泪目
这一幕小王好帅啊
我，就是太阳！
我，我宣你，警长
梦幻联动
《魔法》
去日本找承太郎（确信
哈哈哈哈哈哈哈哈好
泪目
嘿嘿嘿
打团现状
哈哈哈哈哈哈哈哈哈哈哈
DIO！
所以第一集为什么被枪托打一下就晕了？？？？？
泪目
《姐》
管家或者厨师。
小王要被巨人吃了（doge
梅开二度
《哑铃般的笑声》
哑铃般的笑声
热乎的嘻嘻
王德发
一根木棍一块煤炭
你们戴手铐怎么都这么自觉
天使~
《整 齐 划 一》
泪目
泪目
基德跨境偷宝石
异军突起
血族
nice！！！
进度条警告
使  命  召  唤
吸血鬼
蕾米莉亚 红魔馆永夜异变
好家伙自己吐槽自己
帝国进行曲
来，把衣服穿上
我不傻！
登 dua 郎！
我叫黑虎阿福
《嘻     血》
他 就 是 老 ！番 ！茄！
《美 妙》
等等  太阳  吸血鬼  我破案了
开团的太草了朋友们
哈哈哈哈哈哈哈哈
深藏不露
祝您阖家欢乐身体健康万事胜意
这叫科技
嘿嘿
那几个蜜雪冰城咬死你的啊哈哈哈哈哈哈哈哈哈哈哈哈哈哈哈哈哈哈哈
嘿嘿
以前小王是不是和戴安娜挺熟的
泪目
梅开二度
吸血鬼也卷起来了
真不错，现代魔法
刺客信条
we know理查德·汪苏泷～
现代又科学的魔法（确信）
哈哈哈哈哈哈哈哈
小丑竟是我自己
开团
光就是一切的意义！
光头？
taoshue
《性感》
《名侦探柯南》BGM好评
赞美太阳！
确实
那宝石不是没了？
觅血冰城
半白鸭
hhh
嘿嘿嘿
觅血殡城
我愿意
P的头不应该是DIO吗？
嘿嘿
《白 瘦 幼》
进度条告诉我故事不简单
泪目
鬼见条
I
难道里世界的麦克是非洲贵族？？？？
泪目
致敬行尸走肉、
到了
钱就到了
蚊子
登dua郞
话说，为什么奶奶没被吸血鬼影响？
praise the sun
哈哈哈哈哈哈哈哈哈
肘风笛？
我怀疑那个36代的继承人也是吸血鬼她想让太阳彻底消失
大哥 原谅我——不是跑题了....
嘿嘿
派蒙：嘿嘿是什么意思啊？！
盲猜遗产是负一千万
泪目
嘿嘿嘿
好家伙 中学生知乎内行
邓肯姓邓
那小王不应该姓小吗
哈哈哈哈哈哈哈哈哈哈哈哈哈
德古拉
《洛克王国精灵初始技能》
黑虎阿福
进度条告诉我这个故事一定还没有完
嘿嘿嘿
老花绕北了
嘿嘿
哈哈哈哈哈哈哈哈哈
《妹有》
杜鲁门
要多想
哈哈哈哈哈哈哈哈
泪目
唉嘿
所以你的真名叫？王德发！！！
要多想
巫骑：宁也会我台词？撒，show time 哒！
觅血殡城甜蜜蜜
哈哈哈哈
为什么奶奶没有被情绪感染 细思极恐
登dua郎
上面的老使命了
Link?
有
附魔30点火焰攻击
哈哈哈哈哈
哈哈哈哈哈没毛病
好宠www
@章北海：要多想
？？？
科学就是魔法
瑟兰迪尔
一个幽灵
开心鬼
人捏？
泪目
小鹰
还要多注意身边的人，没准凑一对
kdlkdl
正片开始
Di o
帕派瑞斯直呼同行
忍 者 神 龟
泪目
小王衣服变短了哈哈哈哈哈哈哈哈哈
哈哈哈哈哈哈哈哈
原来搁爱尔兰那旮旯，十岁就成年了，好耶！
怕是柱之男哦
哈哈哈哈啊哈哈哈
泪目
ko no dio da
我也会，游泳的时候就这么喝
泪目
小王衣服布料怎么少了一块
泪目
家主夫人麦扣（doge
赞美太阳！
h h h h h h h h h
《殪鴒》
泪目
那我也能啊哈哈哈哈哈哈哈哈哈哈哈哈哈哈
是血族  血族！！（？）
怪不得手劲大
哈哈哈哈哈哈
就没了
打～火～机～
泪目
不要什么东西都往DNA里刻啊
哭泣的天使
木石前盟
黑虎阿福
杰洛特
禁止好耶
哈哈哈哈哈哈哈哈哈哈哈
懂了，小王爸妈是利甭棱
进度条感人
裙子？！
哎嘿?
所以你怎么知道最后一个
泪目
李斯特！李斯特！李斯特！李斯特！李斯特！李斯特！
一个幽灵
哈哈哈哈哈哈哈哈哈哈或或或或或或
哈哈哈哈哈哈
麦扣有点低落吗…… ？
李尔王
（家当包括老番茄）
蚊～子～
哈哈哈哈哈哈
泪目
10063人正在看
老番茄NB
坏耶
哈哈哈哈哈哈哈哈哈哈或或或或或
哈哈哈哈哈哈哈哈哈
泪目
哈哈哈红红火火恍恍惚惚
不破？？？
哈哈哈哈哈哈哈
泪目
条过半
哈哈哈哈哈哈哈哈
泪目
嘿嘿
赞美太阳！
神弃之地
一个幽灵
泪目
37？？？？？
老番茄他姓不姓老！还真不姓（bushi
杀手37？？？？？
管家侠
柯南 梦幻联动
dio和柱男
我去赵铁拳！
哈哈哈
哈哈哈哈
为什么奶奶没有被感人染？嘶～
月下三兄贵
资 深 玩 家
爱尔兰巨石阵？
牛顿他姓不姓牛
最强没（gan）用(ga)王
王尔德nb！！
前面那个马尔福庄园的，绝绝子。说不定还是布莱克家族或者波特家族的（doge）
薛定谔他姓不姓薛
弗兰克。王尔德 毁灭级黑巫师
你就宠他吧
魔 法 侦 探
10岁成人，真不错
王家主？
狼人请睁眼
格拉摩根伯爵？
完美生物
嘿嘿
泪目
就这样，麦扣有假期了
前边不是说诈骗么？
埃尔梅罗二世
你的名字是？
明明是阿蒙家族
我是黑虎阿福，你准备受死吧
@章北海
奶奶肠缩
男人中的阿波罗
詹姆斯他姓不姓詹？
张伯伦是一个姓氏
打鸣：守护太阳
JO  级  生  物
学到了H2O是能喝的
这风笛好啊
一个红色的幽灵！！！！
泪目
?他们能造火箭?
《太阳照常升起》
泪目
泪目
怪不得手劲那么大
老雷斯了
嘿嘿
泪目
小王能不能先把衣服换回去
薛定谔姓不姓薛？
哈哈哈
Lumus
突然有了克苏鲁那味了
吸血魔兽
吸血鬼脚下是柴火吗 
乔拜登姓不姓乔
刺客信条是吧
泪目
诈骗吗
哈哈哈
嘻嘻
我叫一行
我愿意
北海，要多想
张哥他姓不姓王
哈哈哈哈哈
嘿嘿
奶奶为什么没被感染？怕不是也是吸血鬼
《我直接哈哈大笑》
要素察觉
黑斧阿胡
《   姐  姐   》
前方白毛高能
ddddd
我，就是太阳！
燃烧了，这是化学魔法
我就是太阳！
哈哈哈哈哈哈哈哈哈哈
泪目
《龙 吸 水》
嘿嘿
诺克斯!
吸血魔兽表示很凎
《摊牌了》
好家伙，小王才是真正的强者
宇宙工程魔法
洛根李姓不姓李
自由的味道
蚊子和吸血鬼好像也差不多
盲猜管家偷的
哈哈哈哈哈
哈哈哈哈哈
草
哈哈哈哈
变成v领了
十个泪目九个笑，还有一个找不到
哈哈哈哈哈哈哈哈
奶奶不受吸血鬼的影响
物理魔法
泪目
艾哲红石。
QAQ
十个泪目九个笑
神意密会
哈哈哈哈哈哈哈哈诶嘿
《口号一定要喊齐》
Long May The Songshine
是药师途径的吸血鬼！
有没有想过是天亮了
林克！
等等艾哲红石？
《太*----------------------------------------------------------阳》
银魂
吼吼吼吼吼吼吼吼吼吼吼吼吼吼吼吼
乌鸦坐飞机
JO太郎姓不姓JO
蚊----------------子
起风了
这不麦克达克家族吗（史高治老家也在这儿）
老滚五晨卫DLC
大力出奇迹
为什么是三只
王  家  大  院(迫真)
飞斧阿糊
律师函警告
升华主题
进度条还没结束
DIO
。log on
等等，吸血鬼能成光？
可控核聚变在发动时会发出小太阳般的光芒
那林加德他姓不姓林？
海绵宝宝(即答)
你爱我我爱你
泪目
我是宇宙公主小王！
jo王·jo斯达
哑铃般的笑声
嘿嘿
婷哥式火把
哈哈哈哈哈哈哈捏妈救命
…你俩不对劲儿
泪目
泪目
泪目
赞美太阳
"""爱尔兰口音"""
泪目
泪目
ko  no  Dio  da
求个BGM
墨言
在世
在世
在
！！！！！
在
哈哈哈哈哈哈
现在的年轻人，不要咋都往DNA里刻
宝石=氢弹
哈哈哈哈哈哈哈哈哈
欧西里斯的天空
嘻嘻
泪目
哟，老爷的管家怎么跑这来了
嘿嘿
银魂
精灵幻想记
常回家看看
绿鳞小短裤（不是
泪目
我银魂永远的神
哈哈哈哈哈哈哈哈
{異口同聲}
异 口 同 声
《嘿嘿》
泪目
.
画像？
你需要一个艾哲红石
时代变了
原来这玩意儿也能遗传 
艾哲红石，你不怕德古拉抢吗？
哈哈哈哈哈哈哈
泪目
.
9000人，搁这直播呢
wcndy
暗黑森林打击
哈哈哈哈哈哈
进度条
ko no dio da!
我是黑虎阿福，你准备寿司吧
？？？
dio？
是蕾米莉亚
蝙蝠侠：？
话说吸血鬼为啥要  守护太阳
dio
我竟然猜对了这个绝招
哈哈哈哈哈哈哈哈哈哈哈哈确实
泪目
一个红色的幽灵（确信）
哈哈哈哈哈哈哈
太阳骑士
战争机器？
《乔家大院》
1.9万
《紫  气  东  来》
这个打码很灵性
？？？？？？？？？
《战力天花板》
盲猜诈骗
热乎
我天，19万+同时观看！
泪目
看上去是三人在笑，其实是四个
欢迎来到神允诺的光明世界
嘿嘿嘿嘿
北海要多想（doge.）
我竟然跟着笑了
进度条不简单
泪目
我不宣誓，老三体了（doge）
这个bgm哈哈哈
逐渐偏离主题
哈哈哈哈哈哈哈哈
番茄嗓子不难受么，配这么多音
《魔法》
我们的家族没落了.jpg
嘿嘿嘿嘿
BGM叫什么呀，好好听
理查德姓汪苏泷
《恶灵古堡》
婷哥nb
那咋不对捏
狼人
小王有八块腹肌！
泪目
要多想（小王伺机占便宜）
巴士底狱
我懂了，是基德偷的！（doge）
泪目
哈哈哈哈哈哈哈哈哈哈哈哈
是DIO!
吾乃行天之道，总司一切的人
dio
我恨呐
泪目
为什么奶奶没事？细思极恐
泪目
《异声同口》
哈哈哈哈哈哈哈哈哈哈哈哈哈哈
乱认孙子
cool
去阿富汗打暑假工
开团！
妈呀
泪目
BGM:women of Ireland，演奏者是哨笛大师Joanie Madden
duder
2333
深藏不露！
nbqieqie
第47代传人
泪目！
我要进厂啦！！！
泪目
差不多啊
火元素魔法（C2H5OH）
火焰附加
哭泣天使 
哈布斯堡家族 
哈哈哈哈哈哈
银 魂
祝你爷爷奶奶身体健康万事如意
ko no dio 大！
右边那画不太对劲☞
太阳照常升起
、
管家侠
梦幻联动
进度条告诉我事情不简单
小王太性感了！！！
风声魔法版
哈哈哈哈哈哈哈哈
笑死我了
泪目
哈哈哈
伊奇
人呢
《把他鲨了》
这不会是伏笔叭！！？
哈哈哈哈哈哈哈哈哈
泪目
画上面吗
语言指导：某幻
进度条还有一半开心
天晴了，是时候该让王家破产了。
泪目
第36代执剑人
 泪目
喵喵喵？
赞美太阳
大哥你能换身衣服再说话不
奥希里斯是冥神，只是跟天空有关
这句蚊子差点让我被奶茶呛死
.
泪目
泪目
李信被偷了？
《巴 士 底 狱》
麦扣 ：自然选择号前进四
火箭队（bushi）
麦克达克？
好哈哈哈哈哈哈哈哈哈哈哈
啊啊啊啊
麦克达克家族？？？
所以这就是你躲在柜子里的理由？？？
北海 要多想
名侦探柯南
未曾谋面：确实也没有脸
damn~~~
哈哈哈哈哈哈哈哈哈哈哈哈哈哈哈哈哈哈哈哈哈哈哈哈
盲猜献祭
乌鸦坐飞机
泪目
草
草
全部家当（包括警长doge）
好活当赏
这怎么也内卷起来了哈哈哈哈哈
物理
分类讨论
分类讨论
心狠手辣小王
银魂的bgm
别让等待成为遗憾
这是苏格兰
泪目
恶 魔 城
嘿嘿
泪目
泪目
麦克达克家即视感
一个有故事的男人
哈哈哈哈哈哈哈哈哈哈哈
一个有故事的男人
一个有故事的男人
《小 王 子》
嘿嘿
开团
long may the sun shine
王家的末日审判
《血鬼术》
泪目
老王在夏威夷……
小王不姓小吗？
泪目
所以打碟的神父捏
薛定谔姓不姓薛
啊！？？？这么牛？
布鲁斯:？？？
哈哈哈哈哈哈
巴黎世家
好秀
哈哈哈哈哈哈哈哈哈！！！
智力换取战力啊
气象武器
哈哈哈哈哈哈哈哈
全剧最强战力
你确定左边那个不是里世界传送门？
墙中之鼠？
原来这个管理员是地中海，我还以为他刘海飞起来了
＂实在对不起，麦哥，请原谅我任性一回。＂
勇敢的心？
咋这么像传销组织
诈骗团伙吧这是
哈哈哈哈哈哈哈哈哈哈
这个妹妹我可曾见过
好耶～
好耶
小王有腹肌我的ma呀
泪目
泪目
泪目
谁是一行？
+
小王好翘
乔斯达家族！！！！
ko no dio da
《吉吉国王语气》
哈哈哈哈
泪目
D---I---O
进度条不对劲
泪目
只要一个木棍加一个煤炭就可以了    老MC了
欧里哇银给路亚咩罗走jojo！
赞美太阳
吸血鬼？
《银铃般的》
嘿嘿
蜜雪冰城：你礼貌吗？
？小王的裤子哈哈哈哈
《整齐》
因为太无敌了所以不想用脑子
你准备接我一套吧
小王没穿裤子，还打了马赛克
吸血魔兽草
温蒂：唉嗨
????
？？？？？
《圣杯战争》
赞美太阳
苏格兰笛
赞美太阳
。。。
鬼舞辻无惨
哈哈哈哈
幽灵，一个游荡在欧洲的红色幽灵
科学的力量
好家伙
阿福 你会乌鸦坐飞机吗？
吸血魔兽？！
泪目
哈哈哈哈哈哈
泪目
22223333
jkskdjsksd
好活
红叔需要关爱（doge）
泪目
赞美太阳
德古拉！
赞美太阳~
好
泪目
哈哈哈哈哈哈哈哈哈哈
这不爱尔兰嘛放风笛干嘛呀
我————不————傻————
哈哈哈哈哈哈哈哈哈哈哈哈哈
进度条告诉你们事情并不简单
《裙子》
你说这是棋盘我都信
Ko No Dio Da 
泪目
嘿嘿
这画套娃套起来了
完结撒花
泪目
有字幕还发底部字幕？
进度条嘎嘎
泪目
奶奶左上角还有小王的单独一张照片
苏世民姓不姓苏
看
赞美太阳
吸血鬼把自己做成菜了？！
好家伙
顾拜旦他姓不姓顾？
药师途径的那个老诡秘书友了
原来这才是小王手劲大大原因
嘿嘿
这位更是重量级
你真棒！！
双厨狂喜
有
笑死我了
奶奶长嗦
所以说肯定不是吸血鬼【doge】
嘿嘿
需要献祭三只怪兽，降临吧！拉之翼神龙
进度条警告
那个啊就那个，承太郎，同时抽五根烟
梅开二度
春晚小品
？龙卷风摧毁停车场
经典BGM
小雕像能有什么坏心思呢
《做语文阅读时老师疯狂提示却想不出来的你》
《臭屁不响     响屁不臭》
《论小王手劲为什么这么大》
赞美太阳！！！！！！
雷姆
右边那幅画画的就是这个餐厅
勇敢小王 不怕困难
《小 王 的 小 木 棍》
一束阳光老番茄
可是前面的吸血鬼不是说他们现在喝水么？
黑虎掏心，乌鸦坐飞机，猫落地，猫转身
吸血鬼！！！
比如停止时间？
。。。岚语？
《泌 血 殡 蛏》
乔...乔斯达(不是
以雷霆击碎黑暗！
37？那小王的奶奶是咋回事！
感觉百分之一万会被坑
哈哈哈哈哈哈哈哈哈哈哈
泪目
开档
你不是去的爱尔兰吗？巨石阵不是在英国吗？
泪目
魔法放屁
这边上两个是不是林克跟塞尔达啊
《巴 士 底 狱》
魔法钢腕掰
在爱尔兰吹奏一曲苏格兰风笛
嘶——太阳和吸血鬼……
回归正名：王权富贵
《小 木 棍》
皎 月 女 神 戴 安 娜
D----------------I------------------O
尼采
进度条不对劲
吸 血 魔 兽
赞美太阳！
一个幽灵
哈哈哈哈哈哈哈
小王为什么不穿裤子？
《Ko no dio da!》
噔↓噔→噔↑（钉钉无端联想）
石柱们！！！
石柱们！！！
Ko no dio da
小王牛批
三个石柱。。。
守护太阳？？？
long may the sunshine！
，哈哈哈哈哈哈
h'h
大家都知道：蚊子是人
ko no DIO da！
？？？？？？
海绵宝宝！（确信）
泪目
hhhhhhhhhhhhhhh
北海，要多想。
ufc
DNA鉴定完毕
D~I~O~
哈哈哈哈哈哈哈哈
哈哈哈哈哈哈哈哈哈哈哈哈
氯气东来
李查德·汪苏泷
深V笑拉我了
快乐家族的军师？
dio是你
哈哈哈
土豆
泪目
太可铐了
拉奥孔已经在石门阵那里等候多时了
汉密尔顿觉得很淦
哈哈哈哈警长把小王裙子扒了哈哈哈哈
求BGM！
救命，我一开始想的也是杀了他
木棍＋煤炭DOGE
阳光下的土地
基德是你吗基德
弹幕护体
哈哈哈哈哈
老番茄姓不姓老
苏格兰风笛
哇嘎达做！
泪目
哈哈哈哈哈哈
蜜血冰城
哈哈哈哈哈哈哈哈
给小王来一个animus不就找到了
嘿嘿
哈哈哈哈哈哈哈哈哈哈哈哈哈
嘿嘿
《朗诵》
周防尊姓不姓周
dio
DIODIODIODIO
你告我这是十岁的尺码
你有编制！！！
嘿嘿
承太郎的照片也细节
泪目
哈哈哈哈哈哈梦幻联动
哈哈哈哈哈哈哈哈
ko no dio da
新婚快乐早生贵子
哈哈哈哈哈哈哈
赞美太阳！
在啸
原来是未来科技董事长王老菊，失敬失敬
十个泪目，九个在笑一个在狂笑
给李信就好了
左边那个人不应该是红色的吗？
宇宙公主和梦魇之月（无端联想）
古（监）堡（狱）
未曾谋面但感觉到很熟悉
赞美太阳
摸～♂♂
语言指导：江户川柯南
泪目
我可以
美妙的笑声～
DIO！
脱水！脱水！
神秘
哈哈哈
龙吸水？
好家伙
泪目
老三体了
祝你爷爷奶奶身体健康万事如意
银魂bgm嗷
惊人
汪家第37任族长
泪目
有点像空洞骑士里泪城的bgm？
风笛很哇塞
我们的家族没落了
d i o
哈哈哈
赞美太阳
伏尔泰姓不姓伏
我小王宣誓效忠于您！！！（DNA乱刻
QAQ
看见了
吸水鬼？
东方的红太阳来了
hhhh
？？？？
泪目
哈哈哈哈哈哈哈哈哈哈哈哈哈哈
诶嘿
哈哈哈哈哈哈哈哈哈哈哈哈哈哈哈哈哈哈哈
泪目
那没事了
不装了
不是苏格兰的麦克达克家族吗？
笑死我了
进度条不简单
吓得我看一眼进度条
诈骗比较多来着
嘿嘿
哈哈哈哈哈哈哈哈哈
梦幻联动
赞美太阳！！
？？？？？？？
《见家长》
？？？？？？？
赞美太阳
蜜wwwww血wwwww冰wwwww城wwwwwwwwww
盲猜管家了
北海，要多想
手劲大说明小王不是普通人
一束阳光老番茄
泪目
红魔馆吗？吸血鬼加火箭
《记忆遗传》
不 破 谏
泪目
泪目
帝国正统 一秩蛮夷
众说纷纭
为什么我也笑了
dio！！！jo厨狂喜￼
李佩斯他姓不姓李（
hhhhhhhhhhh
银魂！DNA动了
火 焰 熊  熊（不是）
赞美太阳
哈哈哈哈哈哈哈哈哈哈哈
泪目
小王来了，钱就到了
小王的裙子2333
草
觅  血  殡  城
禁止好耶（doge
嘿嘿
一个幽灵！
dio!!!!!!
《 蚊   子 》
汪家人
红雾异变
泪目
哈哈哈哈哈哈哈
哈哈哈哈哈哈哈哈哈哈
妹有
哈哈哈哈哈哈
泪目
北海要多响
觅血殡城
巨石阵不在爱尔兰阿喂
没人？
草
说明麦扣也是小王的家当！！！
这对组合莫名像封不觉和王叹之
登dua郎！！
艾 哲 红 石
好耶
棒棒鸭！
为什么都泪目了
小王才是boss，说的太有道理了！
只有小王喊了新年快乐吧
进度条你诡异的很啊
宇 宙 公 主
所以这个家族姓王吗
所以就生下了小王让警长承担
有了
去夏威夷当技校老师
不杀之恩
dio！！！！
所以确定家主是奶奶亲生的
哈哈哈哈哈哈哈哈动作指导郭德纲
为什么要跟警长说啊
呼应上了
小王子和老玫瑰
狼人请睁眼
麦克阿瑟
荧光闪烁（doge
2333333
dio
迷雾幽灵
哈哈哈哈哈哈哈哈哈哈哈
然后就是科幻流浪地球了
你家在爱尔兰怎么有巨石阵？巨石阵是在不列颠啊
为什么要在DNA里刻一些奇怪的东西
正·大·光·明·
泪目
姐姐吗？
为啥是三个？经典三选一呀
德古拉他同学
登dua郎
所以吸血鬼是蚊子成精了吗
赞美太阳
有吗？
纳尼？？我闻到了什么！
ko no dio da！
这是大象成精了吗
1万多让看！！！
右边的画诡异啊
嘿嘿嘿
深色的线条是腹肌嗄
hhhhhhhh
天哪太古老啊
我明白了，人人都能造火箭
红色的幽灵徘徊在欧洲上空
泪目
哈哈哈哈哈哈哈哈哈哈哈哈哈哈哈哈哈哈
好熟悉
云天明狂喜
牛信不信没有 
吉吉国王那块?
牛顿姓不姓牛
泪目
礼貌：你很吸血魔兽吗？
好家伙
承包空屏
要多想
我要进厂了！
我是黑虎阿福准备受死吧
赞美太阳
泪目
无惨
真厉害
高文收刀了
高文的宝石（滑稽）
左边这个画是吸血鬼上去了？
蚊子
看来小王真的什么都有
《必杀技》
嘿嘿嘿
vans
蕾姆
泪目
把   心   解   开
赞美太阳 \(￣▽￣)/
荧光闪烁！
登dua郎！
贤者之石
哈哈哈哈
哈哈哈哈哈哈哈
掌握世界命脉的三大家族
那奶奶为嘛介么平静呢？
麦克达克家族的城堡
刺客信条基因记忆
你需要石鬼面跟艾哲红石然后变成jo极生物
爱尔兰光之子
离谱
等一下...为什么爱尔兰会是苏格兰风笛BGM...
那周树人他姓不姓周？
你给路打油
JOJO
一叠哟，欧西里斯弄天空龙
泪目
？？？？
所以，使命又要召唤了吗？
这个使命要凉
姐
进度条告诉我事情没那么简单
"Cao,好不容易才忘掉的！"
泪目
哈哈哈哈哈哈哈
还有一件事
bgm好评
继国小王：钱之呼吸！
啊～
眼神犀利
哈哈哈哈哈哈哈哈哈哈哈
这家人不会都是吸血鬼吧
史蒂夫：我来！
有些许道理
泪目
嘻嘻
Grayson：？
管家侠wwwww
泪目
..
哈哈
泪目
家主的拐杖呢
神盾局爱尔兰分部
进度条?
关爱每一个人
dio
QAQ
我竟然猜对了他是要放屁
dio！
月下三柱男
东北口音不纯哈哈哈
不懂就问：爱尔兰有巨石阵吗？？
他秃顶！
太阳照常升起
“当然不，因为他们知道，明天，太阳还会升起来的。
平衡，指维持正常人与非正常人的平衡
那世界不得玩完了
蝙蝠侠的阿福
泪目
有蚊子
巨石阵不在英国伦敦边吗？
好家伙战斗力天花板呐
《最后一件》
黄敬原泪目
没人？
哈哈哈哈哈哈
《爱尔兰巨石阵》
哈哈哈哈哈哈哈
小王失去了光
哇偶好厉害呢
剧本杀
裙子 确定不是苏格兰
哈哈哈哈哈哈哈
算不算见家长了？
救命
哈哈哈哈哈哈哈
泪目
觅血殡城
升华主题
老鼠偷奶酪
dio
笑啦了
我摊牌了 我不装了
唉嘿
臣卜米曹！我莫名奇妙的笑了？？？
巴巴托斯
戴上有哲普红石的石鬼面jo行了
55
Na Mei Shi Le
左上角为什么会有照片，不是第一次见？
银魂
23333333
泪目
唐吉诃德
泪目
哦吼
懂了，三大家族
wc哈哈哈哈
但小王姓王。
泪目
wc牛啊
嘿嘿
泪目
泪目
DC官方的中国蝙蝠侠就姓王诶
lumos!!!
嘿嘿
银桑！
哈哈哈
乌鸦坐飞机！
哈哈哈哈哈哈哈
赞美太阳
天空之剑
小王不会被替身了吧（大胆猜测小心求证）
格拉摩根伯爵
叶利钦
神の召唤
还有一件事
洛克王国
小王的裙子变短了是被麦扣撕掉做火把了吗hhh
你只需要充分的氧气....
你真棒哈哈哈哈哈三木吗
茄哥最近怎么这么憨啊哈哈哈哈哈哈
嘿嘿
诶，嘿得难带哟！！！！！
梦 幻 联 动
哈哈哈哈哈哈
"//////、、、//、//、、。。。.....。，,、、\‘’‘''''';;;;;；]]】[[【】’"
Ctrl+z
长征十号魔法
泪目
@海皇
诶嘿～～～～～～
这帽子是承太郎的吗？
艾哲红石
童子军？
要多想
Damn~
《银铃般的笑声》
我宣你
塞尔达传说
泪目
预言一波。里面必定有个女的。
要多想
泪目
玛 丽 莲 梦 王
艾。 哲红石
你妈 为什么我也嘿嘿了两下
德古拉是吸血鬼鼻祖
泪目
升华了
请记住这一千万刀乐！
在此，宣誓！
被后天激活的隐性基因
幽灵
赞美太阳
泪目
 月下三兄贵
天空之神：感谢老板送来的火箭
奶奶肠缩
这不魔法
吸血鬼猎人D？
史強：原來大前輩去魔法世界當警察了
银魂快乐
哈哈哈哈哈哈哈哈哈哈哈哈哈哈哈哈哈哈哈哈哈哈
可以做成银魂新一集了
宝石原来不是在那个玻璃展示柜里吗？
葫芦娃爷爷
黑虎阿福
哈哈哈哈哈哈哈好真好
《小王竟是韦恩》
哈哈哈哈哈，蚊～子～
柯南附体
泪目
救命哈哈哈哈哈哈哈哈
管家马上知道他就是小王？
鬼看条
哈哈哈哈哈哈哈哈哈
我寻思太阳消失了你们还是走不到太阳底下呀？
基德一定是基德
要多想！
哈哈哈哈哈哈哈
怕怕
xswl
这流程这台词肯定是无聊看柯南来了灵感
嘿嘿
撒了吧
不存在的记忆增加了！
喵喵喵？
泪目
王总好！
赞美太阳！
宇智波佐助姓不姓宇
技术指导：漩涡鸣人
说无惨的哈哈哈哈哈哈哈哈哈哈哈
这风笛不是苏格兰的吗？
嘿嘿
aniums？
大伊万
使命召唤
要不要做核酸检测啊千里眼
布鲁斯感觉有被冒犯到
成年仪式♂
老番茄模仿某幻模仿花少北的口音笑死我了
哈哈哈哈哈哈哈
泪目
所以手劲大得离谱
牛呀牛呀
乌鸦坐飞机！
赞美太阳——
泪目
哈哈哈哈哈哈
嘿嘿，的难带哟
蒙哥马利
原因找到了
这是杠铃般的
挡字幕的是s马了吗？？？
打开太阳！！
所以为什么小王的裙子短了一截
风笛
泪目
进度条
泪目
泪目
正片开始
李梅
真相只有一个
在欧洲点菜写中文
泪目
我献祭族长的拐杖和小王的衣服下摆，出来吧，火炬！
名侦探柯南
泪目
奶奶说过，吾乃行天之道，总司一切之人。
这不会是诈骗吧  前面也提到了
乔斯达家族
赞美太阳！！！
小丑
总算没有人来让他加班了
江户川番茄？
召唤神，奥西里斯天空龙
吸血鬼！
在爱尔兰的英格兰巨石阵hhh
哈哈哈哈哈哈哈哈哈哈
哈哈哈哈哈哈哈哈哈哈哈
后面的画是不是阿强？
是迪奥先生！
为什么没有感染奶奶
哈哈哈哈哈哈哈哈哈哈哈哈哈
哈哈哈哈哈哈哈
好家伙
中间那张照片是空条承太郎吗
章北海：这句我熟
泪目
为什么我看到的是两个水龙头……？
←——————————不是初次见面吗
666
扶笔
《小王：不需要动脑的活，我干的都是拔尖的！》
这个表情  233
哈哈哈哈哈
《嘿 嘿》
雷姆
奶奶为什么没被吸血鬼影响
老番茄他姓不姓老
一半一半
某幻姓不姓某
泪目
泪目
墙 中 之 鼠
进度条不简单
？？？？章北海警告
泪目
老番茄姓不姓老？花少北姓不姓花？逍遥散人姓不姓逍？（狗头）
但你不是我们家的
？？。？
装象
？？哈哈
两千响够不够
哈哈哈哈哈哈哈哈
阿福！！！！！！
D--I--O
这BGM
泪目
哈哈哈哈哈哈
L O K I
哈哈哈哈哈哈哈哈哈哈
进度条都还没完呢，憋着急
格拉摩根伯爵
看不见我
不在手上可以在别的地方嘛（）
原来不是啊我还以为是那幅画画
DIO！！！！！
如果这样，为啥小王奶奶没事
泪目
手劲大说明小王在上面（doge）
乔斯达家族
dio
這樣asdf宗
吕西安姓不姓吕
ko no DIO da
嘿嘿
嘿嘿
嘿嘿嘿
芜湖！！！
无惨
屑老板
怎么看出腹肌的
泪目
嘿嘿
阿西莫夫，信不信阿
哈哈哈哈哈哈哈哈哈哈
小王的袍子怎么被撕碎了
马克斯姓马(￣⊥￣)
dio！
迪奥·布兰德
《苔丝》
《苔丝》
泪目
哈哈哈哈哈哈哈哈
Dio（doge）
睡衣
一只吸血鬼可以把自己的血液升温，然后把血液射入去灼伤敌人［doge］
小木棍？
另一只吸血鬼可以操纵风，击伤敌人
梦幻联动
物理魔法
开团！！！
突然想到了冒险时光里玛瑟琳的能力来源的那五个吸血鬼
李比希姓不姓李？
DIO
泪目
进度条告诉我没那么简单
赵铁拳
马可波罗姓不姓马
有人吗
有人吗
泪目
这个呆毛好可爱
水中贵族百岁山
小王子
嘿嘿
赞美太阳———
血族啊，我们是高贵的血族！！（小月亮大怒）
伍迪行为
家里人都愣着，等着干什么
赞美太阳！！
奥西里斯天空龙！！
泪目
莫林的蘑菇
张家希望张伯伦
永 夜 赛 季
我与蚊子只能活一个！！！
泪目
哈哈哈哈哈
从某种意义上来说蚊子也确实是吸血鬼[doge]
嘿嘿
朱子阳就是太阳
躲猫猫发嘲讽
泪目
我希望在lofter上看到粉字的后续
怪不得傻呢 原因找到了
666
不破桑！
苏格兰风笛好评！
老番茄姓不姓老
幽灵，一个游荡在欧洲的红色幽灵
太阳照常升起
+++
泪目
泪目
阿福管家
银魂里的BGM！
加10点火焰攻击
奶奶是吸血鬼？
开团！
少儿魔法小实验
对是蚊子
泪目
哈哈哈哈哈哈哈哈哈
哈哈哈哈哈哈
泪目
为什么奶奶没被感染呢
草
泪目
hhhhhhhhhhhhhhhhhhh
爱尔兰属于欧洲好吧
哈哈哈哈麦克达克，都老鸭粉了
泪目
温馨提示：你该看进度条了。
嘿嘿
哈哈哈哈哈哈
少北姐姐！
哈哈哈哈哈哈哈
damn~
嘿嘿嘿
？？？
感觉小王没穿裤子
泪目
小王他爱上了这身衣服
梦魇之月？！
哈哈哈哈哈哈哈哈
蕾姆
《用鼻孔摄入HO2》
章北海
梦幻联动
朱可夫姓不行姓朱
后面是一目连？
煤炭加木棍
带着光的人
泪目
那是不是，华盛顿他姓华
？？？
泪目wwww
银魂的BGM一听就没有什么好事儿
哈哈哈哈哈哈哈哈哈哈
NICE!
？？？
两根草两根树枝
DIO
进度条告诉我并没有那么简单
身价暴涨
泪目
马尔福姓马
好家伙，因为一个世界很成功，这个世界依然很成功。
communist
嘿嘿
蚊子好像也没毛病。
《杠铃般的笑声》
三柱男
一道阳光
二泉映月不更配？！
蕾姆
泪目
十岁的号
Dio～～
温蒂：？？？
艾哲红石
泪目
jo极生物
泪目
泪目
奥西里斯的天空龙！
婴宁
在叙利亚打暑假工的小王
本集最强超能力
裙装。
赞美太阳——
防晒霜你值得拥有
（し。A。；）
汪（？）家
腹肌！！！！！☞
我，就是太阳。。。
两位君主！
前面老三体了
不是36代吗？怎么变成了37代了。
苏格兰风笛：我走错了，这里是爱尔兰（
这里有点像王国双冠里的场景
乔纳森里德你怎么在这（？
赞美太阳
俗世奇人（
我是亿万富翁
！！！奥西里斯的天空龙！！！
泪目泪目泪目
哈哈哈哈哈
有道理
吸血鬼=蚊子精
哈哈哈哈
泪目
进度条
泪目
佩琪姓不姓佩
左上角的画！！！
泪目
系李！DIO萨玛！
你后面有个吸血鬼
太齐了！
五花肉片嘿嘿嘿(º﹃º )
蕾姆
DIO
哈哈哈哈
说不定是一个漂浮在欧洲上空的幽灵（布尔什.......）
钟表上的时间不一样
我还以为是上面那副画像
大家都可以用鼻孔喝水吧，就是吸到那根管道的问题
嘿嘿
诶嘿
“魔法”
“魔法”
哈哈哈哈哈哈哈哈哈哈哈哈哈哈哈哈哈哈哈哈哈哈哈哈哈哈哈哈哈哈哈哈哈哈哈哈哈哈哈
北海，要多想。
终结的喝水天使
泪目
嘶溜
哈哈哈哈
哈哈哈哈哈哈哈哈哈哈哈哈
嘿嘿
有！
 ？？？？
北海啊，要多想
QAQ
想了以后呢？
第一次见照片都挂墙上了呀
泪目
？？？？？？？？、
哈哈哈哈哈哈哈哈
不，不是，小王你能不能先把衣服换了
泪目
墙上有两人的合影啊，不是第一次见面吗
蛮结实的嘛
哈哈哈哈
天空之神荷鲁斯
嗯停电了
烟熏
欧西里斯天空龙
泪目
升维打击
QAQ
吸血鬼的仆人蝙蝠
感觉这里小王有伏笔
荧光闪烁！
北海啊，要多想
塞...塞尔达?
精灵旅社
泪目
梅开二度
qwq
你手劲怪不得那么大
魔法>>>>>>>>>>>>>>>>>>>>>
DIO
美妙.......
觅血兵城
Ko No Dio Da！！
泪目
北海，要多想
红 雾 异 变
泪目
Lumos！
Bride 
老番茄他姓不姓老
警长老傲娇了
dio
技能指导：灶门碳治郎
我也放屁woc
草
技能指导：灶门炭治郎
上面的谢谢 马上去写这篇
泪目
泪目
类目
谁注意到奶奶房间有一张和小i王的合照
语言指导：花绕北
dio！
dio
确实
哈哈哈哈哈哈哈哈哈哈哈哈哈
dio
布鲁斯韦恩
带上全部家当指带警长
哦 超级大宝贝
dio
花少北！！
泪目
哈哈
牛
泪目
哈哈哈哈哈哈哈哈
进度条不正常
哈哈哈哈
王不是中国姓氏吗，这是爱尔兰啊。。。
帝国进行曲好评！
黑虎阿福!
呜呜呜BGM是银魂呜呜呜 爷青回
ko no Dio da！
？？？？？？？？离谱
假  面  骑  士  巴  尔  坎
泪目
哈哈哈哈哈哈哈哈哈
？？？？？
看小孩
进度条不对劲
这里衣橱上有小王和奶奶的合照
\
我竟然猜到了？！
？??阿这，蝙蝠侠管家
hhhhhh
小 呆 呆
解决情绪波动不一定杀人
化学魔法
萧伯纳他姓不姓萧
正解
<布鲁斯 王>
泪目
登     duang     郎
有bing啊笑死我了
泪目
哈哈哈哈哈哈
我giao
小王的衣服....
哈哈哈哈哈哈
泪目
哈哈哈哈哈啊哈哈哈哈哈哈哈哈哈哈哈哈
第十灾 长子之灾
哈哈哈
怪不得手劲那么大哈哈
《妹有》
QAQ
银魂
迪亚波罗↓
泪目
  赞  美  太  阳
赞美太阳
damn
路易十六姓陆
哈哈哈哈或或或
少儿魔法小课堂
红色幽灵
乌姆里奇
【阴阳怪气】
马斯克
泪目
赞美太阳！
DIO  BREAD！！！！！！！(doge)
哈哈哈哈哈哈哈哈哈哈哈哈哈哈哈哈哈哈哈
感觉英国女王会是未来的伏笔
嘿嘿
哈哈哈哈哈哈哈哈哈哈哈哈哈哈哈哈哈哈哈哈
泪目
我愿意
赞美太阳
赞美太阳！
泪目
噢 维勒
草 太阳骑士
DIO
赞美太阳！
泪目
红红火火恍恍惚惚
你有玉吗？
KO NO DIO DA!
哈哈哈
小王的裤子哈哈哈
库克之笑
太阳之子光明的代言
哈哈哈哈DNA动了
王派气功！！！！
裙子?
泪目
战歌起！
请找出图中的越共
入侵者警长
哈哈哈哈哈哈哈哈哈
嘿嘿
哈哈哈哈哈哈哈哈哈哈哈哈哈哈哈哈哈哈哈哈哈哈哈哈哈哈哈哈哈哈哈哈哈哈哈哈哈哈哈哈哈哈哈哈哈哈哈哈哈哈哈哈哈哈哈哈哈哈哈哈哈哈哈哈哈哈哈哈哈哈哈哈哈哈哈哈
我知道！是dio！
嘿嘿
警长的内心：太涩了，就该这么穿
《物 理 魔 法》
是不是那个养老院管理员的大学同学呀
泪目
老三体了
可是巨石阵在英国啊
老祖？
好家伙
不得不说小王的腿好性感
泪目
蚊子喜欢在灯旁边飞来飞去吧
硬核魔法
石像
开团
北海，要多想
哈哈哈哈哈哈哈哈哈哈哈
《那没事了》
《小王：不需要动脑的活，我干的都是拔尖的！》
这不会是诈骗吧  前面也提到了
《论成年仪式为什么会有10岁的尺码》
隔壁老王他姓不姓隔壁
哈哈啊哈哈哈
我赌是管家偷的
泪目
一个幽灵的笑死我了哈哈哈哈哈哈
bgm：ここは侍の国だ
王家指的是王瀚哲吗（doge
薪资鸡哇一次模拟托词
绣湖天堂岛剧情吗？
哈哈哈哈哈哈哈哈哈哈哈
我还以为是足球，和脚力增强鞋
小王的奇妙冒险第一部:幻影之血
HHHHHH
索拉尔震怒
所以把你也拽来了吗
进度条才过一半
温迪：哎嘿
泪目
赞美太阳
嘿嘿
石鬼面具！
条未过半，必有蹊跷
Dio
赞美太阳！！
我愿意！（
奶奶戴安娜爷爷47
拔剑吧
你去找艾玆红石啊
我居然猜对了 惊了
我弹幕怎么自动打开了
诡异起来了
暗示小王是王老菊 泪目了赞美太阳
这是听力障碍？（doge）
泪目
奥康姓不姓奥？
李信
刘易斯汉密尔顿姓不姓汉？
你给路打油！
哈哈哈哈哈哈要多想
这俩小人好像小王子
马尔福庄园
守护太阳？宇宙公主？？？
赞美太阳！
智力平衡
ohhh小王裙子少了一截
为什么奶奶没有受到影响
哈哈哈哈哈哈哈哈
嘿嘿(º﹃º )
奥~塞~库~斯~
泪目
所谓杀手
去非洲当雇佣兵也没啥钱啊，不是去迪拜当乞丐么
第37任太阳骑士！
伊布就会变成太阳伊布了
蕾姆
所以是他发现喝水也可以解渴的吗？
哈哈哈哈哈哈哈哈哈哈或
李嘉图
吸血鬼？
元气骑士开头2333
好的我们排除吸血鬼
我不做人啦！老蕃茄
泪目
ko no dio da！
QAQ
百岁山实景拍摄地？
王老菊
小王竟然有腹肌！
一个幽灵在欧洲上空徘徊
泪目
泪目
嗯！这么平平无奇？看一眼进度条，嗯~我放心了
c，楼上神父能把音乐关了吗！
BGM勇敢的心
哈哈哈哈哈哈哈哈h
我就是太阳
巴士底狱
泪目
泪目
哈哈哈哈哈哈
但应该不是某个喜欢玩手办的吸血鬼怀特
哈哈哈哈哈哈哈哈
c罗他姓不姓c
哈哈哈哈萤光闪烁哈利波特
西内！
《老番茄他姓不姓张》
哈哈哈哈哈哈哈哈哈
.
第一次见到的奶奶房间里有和小王的合照
不就一块煤加一木棍嘛
左近的bgm 
se no
哈哈哈哈哈哈哈哈哈哈哈
泪目
哈哈哈哈哈哈哈
姜姜？
手劲大
叙利亚当过悍妇
哈哈哈哈哈哈哈
当然是我 DIO 哒
别念了别念了
ruin has come to our family
白裘恩姓不姓白
是你！屁屁侦探
月亮宝石老经典了
來教他躺平吧
泪目
好像也没毛病
我还以为所有人都要喊 齐
这发型的吸血鬼怕是雷吉斯
罗斯福姓不姓罗？
章鱼哥姓不姓章？
爱尔兰有巨石阵？
蕾 米 莉 亚
↓楼下这位，那个品种叫柱男（指正）（doge）
来人，上艾哲红石
为什么有温室啊
十岁成年啊？？
均衡教派？
赞美太阳！
手劲大是不是伏笔？
你不配当爵爷
你就宠着他吧～
最直接了当的办法把他杀了
哈哈哈
泪目
哈哈别让等待成为遗憾
硬核献祭哈哈
嘿嘿
蕾米莉亚
这个BGM是柯南的嘛
阿姨呀，阿姨呀！ 哎
柱之男
我寻思有道理啊
为什么奶奶没被感染
泪目
你以为是三个人在笑，其实是四个人
老番茄姓不姓老
管风琴可还行
泪目
哈哈哈哈哈哈哈哈哈哈哈哈哈哈哈哈哈
《全世界都在讲中国话》
哈哈哈哈哈哈哈哈哈哈哈哈哈哈哈哈哈
好耶
蕾姆
“脚          印”
明星大侦探
啊
damn～
DIO!
拉的翼神龙？
哈哈哈哈哈哈哈哈
泪目
怕上火？摸王老菊！
怕上火？摸王老菊！
为什么奶奶没事？！
泪目
哈哈哈哈哈
不，王姓是韩国的（
哈哈哈哈哈哈哈哈哈哈哈哈哈哈哈哈哈哈哈哈哈哈哈哈哈哈哈哈哈哈哈哈哈哈哈哈哈哈哈哈哈哈哈哈哈哈哈哈太阳骑士
long  may the  sunshine！
？？？？？？？？？？？？？？？？？？？？？？？？？？？？？？？？？？？？？？？？？？？？？？？？？？？？？？？？？？？？？？？？？？？？？？？？？？？？？？？？？？？？？？？？？？
泪目
梦幻联动
成步堂他姓不姓成？
王泥喜他姓不姓王？
泪目
泪目
《少爷》
怪不得小王这么傻
泪目
泪目
泪目
哈哈哈哈哈哈哈哈哈哈
泪目
泪目
bgm好评
监 狱
《彼得潘》
詭秘之主
hhhhhhhhhhhhhhhhhhhhhhhhhhhhhhhhhhhhhhhhhhhhhhhhhhhhhhhhhhhhhhhhhhhhhhhhhhhhhhhhhhhhhhhhhhhhhhhhhhhh
难道小王也是吸血鬼能力是手劲大
叙利亚暑假工多少钱一天，，我只想问问
哈哈哈哈哈哈哈哈哈哈
注意墙上的照片：小王不是没和奶奶见过面吗？怎么有照片？？？？？
一个木棍，一个碳
赞美太阳！
小王裤子＋家主拐杖哈哈哈
←金色头发小孩手里的瓶子不见了
←金头发小孩手里的瓶子不见了
hahhahahhahaha
哭，都给爷哭
林克
小王您聪明啦
上面
？我在吃饭
最后被后羿射掉了
笑烂了
泪目
屠龙世家
一个幽灵，中世纪的幽灵在欧洲大陆上游荡
！吸血魔兽！
腹肌！
泪目
哈哈哈哈
泪目
小王身材是真好。
赞美太阳
可这是爱尔兰，谐音明明是中文谐音（doge）
哈哈哈
那不是叫纪伯伦吗
救命我正在喝蜜血冰城
诶嘿dei囊打呦
猜到了
我也是猜的这个
露出姨母笑
林    克
上升气流
《公 主 日 记》
扣弄迪奥哒！
蕾姆
hhhh小王身材真不错
屑老板发色
天黑请闭眼
我宣布个事！
？？？不对劲
哈哈哈哈哈哈哈哈哈哈哈哈哈哈
Dio
笑死了哈哈哈哈
嘿嘿
你俩结婚呢？
不要什么都往DNA里刻啊喂！
《我舅是太阳》
欣赏自己的美丽脸庞环节
泪目
Dio！
不破:“这个我熟”
我是亿万富翁，我摊牌了
看来你没有成为究极生物
索诺dio哒
这个破案音乐配上对笑声的的忏悔哈哈哈太有柯南那味了
王哥
;’
我，升华了
看，有光，而吸血鬼是怕光的…………
物理超度
笑死
哈哈哈哈哈好傻
《大中欧洲记》
美妙 清脆
好的一路拉着手过来的是吧
三年之期已到
《全世界都在说中国话》
我是一名光荣的衡安人
风笛？
肋木
这个还有呢真的好温柔好戳我啊啊啊啊啊啊啊
进度条告诉我不简单
王德发
蜜泻冰城
相信科学！！
笑死
“古典魔法”
北海啊，要多想
北海啊，要多想
在那之前，要多想
这就是光荣的使命！
woc！一路牵着手过来的
摸了个打火机出来。
懂了，麦扣以后就可以借着天暗找书的理由摸小王
泪目
路易斯他姓不姓陆
哈哈哈哈
赞美太阳
泪目
我们的太阳回来了
墙中之鼠的开头啊
long may the sunshine
找狗哥玩去吧
+
泪目
已黑化
吸血魔兽！
泪目
泪目
哈哈哈哈哈哈哈哈哈哈哈哈
泪目
哈哈哈哈哈哈哈哈哈哈哈哈哈哈哈哈哈哈哈哈哈哈哈哈哈哈哈哈哈哈哈哈哈
泪目
泪目
泪目
泪目
小王裙子加家主拐杖哈哈哈哈哈
哈哈哈哈哈哈哈哈哈哈哈哈哈哈哈哈哈哈哈哈哈哈哈哈哈哈哈哈哈哈哈哈哈哈哈哈哈哈哈哈哈哈哈哈
哈哈哈哈哈哈哈哈哈哈哈哈哈哈哈哈哈哈哈哈哈哈
江户川番茄
QAQ
hhhhhhhhhhc塞尔达老玩家？
左下:卖鱼强
gay文
“对不起麦扣，请让我任性一次吧”
欧 洲 贵 族
泪目！
进度条暴露了一切
阿拉霍默拉！！！
刘易斯?星露谷狂喜
哈哈哈哈哈哈哈
ko no dio da！
泪目
泪目
泪目
泪目
银魂！！！
嘿嘿
是我在笑~
赞美太阳！ ！ ！
笑点太过密集
小王果然不简单
流浪地球 我的太阳
觅血殡城填密密
泪目
银魂BGM好评
嘿嘿
hhhhhhhhhhhhhhhhhhhhhhhhhhh
哈哈哈哈哈哈哈哈哈哈哈哈哈哈哈
QAQ
罗素姓不姓罗
海绵宝宝！
giegie
杀手47
诈骗集团？
蚊子～
哈哈哈哈哈哈哈哈哈哈哈哈哈 妙啊
1
扩若DIO哒！
嘿嘿
泪目
泪目
笑拉了
你是小王吧
啊……祖传管风笛？
雷姆
太阳宝石 双子星公主（
QWQ
DIO！
【物 理】心 结 解 开【物 理】
银魂
我要到老福特写这个的同人故事有没有人要看
乌-鸦-坐-飞-机
突然有点想磕小王X警长的CP了
泪目
泪目
泪目
泪目
格利扎
哈哈哈哈哈哈哈哈哈哈哈哈
花少北：DNA动了
历史界的小王是不是大恶棍啊（畏怖）
好耶
？？？
《麻瓜不可接触的魔法》
麦克戈登
???????
小王的衣服［变成了火炬］
对，捅他心结
泪目
弹幕
最右面上面是个笔记本
泪目
哈哈哈哈哈哈哈
这苏格兰风笛一响，就有那味了
想问问楼上带伙是则名，
看出来腹肌的……
哈哈哈被砌进神像里
哈哈哈哈哈哈哈哈哈哈哈哈哈哈
不，应该是“皇家奇鬼”（doge
老番茄真不错
那奶奶为啥没事
这个咳嗽？
有道理
人不可貌相
哈哈哈哈哈哈哈哈哈
漂亮
元气骑士！
好好
哈哈哈哈哈哈哈哈哈哈
探头
美妙
DNA动了
魔法的世界
兄弟们把公屏打到泪目上 
？？？
乔纳森的家
放飞小高（bushu
ko no dio da
全都吸血鬼啊
泪目
小王指着天说了一句:奶奶说过
章北海，要多想，我只能告诉你要多想
锦州话？
克怂干掉吧
克怂干的吧
不是说脱离家族了吗
吸血鬼不是可以换头吗（有端联想）
三千字观后感明天早上交（
黑虎阿福 乌鸦坐飞机
荧光闪烁！
 阿斯特拉
太阳将被黑暗埋葬
lumos！
婷哥狂喜
注意背景音乐是爱尔兰哨笛
花蚊子
蜜雪冰城的雪顶咖啡下架了，呜呜呜呜呜呜呜
DIO
泪目
汤姆逊波纹疾走
吸血鬼兽：你礼貌吗？
切切好牛！
艾格斯红石（狗头）
赞美太阳哈哈哈哈哈哈哈！！
233
哈哈哈
吸血鬼，蝙蝠，阿福，是你韦恩！
嘿嘿
麦扣他姓不姓麦
重刷泪目
我只能告诉你那之前要多想
哈哈哈哈哈哈哈
泪目
以为结束了但进度条不对劲
。。。。。。。。。。。。。。。。。。。。。。。。。。。。。。。。。。。。。。。。。。。。。。。。。。。。。。。。。。
泪目
BGM好评
哈哈哈哈
本探出演
生化武器
哈哈哈哈哈
嘿嘿
DNA动了
ko no dio da
柱之男
《战力天花板》
他口中说的手劲大，不过是他引诱你进入他的圈套罢辽，小王，你不会真以为当警长的战斗力这么弱吧
？？？？？
我宣个誓我找到男朋友了
这里警长的语气有点低落嗷
法术有个蛋用啊
泪目
《恶 魔 城》
惊！管家侠
泪目
配音指导:柯南
这个画框里的是老板吗？
哈哈哈
吸血鬼！！！
小王好走
泪目
所以奶奶有问题
泪目
感动
这不是就看不到了吗
怕怕怕怕怕怕怕怕
吸血魔兽是吸血鬼，河里
鼠标？
吸血魔兽可还行
盲猜手劲大是伏笔
嘿嘿
泪目
进度条过半
老番茄姓不姓老
是我dio——！（kn no dio da!）
献出心脏！（bushi
hhhhhhc
一个幽灵
阿斯托尔福
泪目
哈哈哈哈哈哈
汤姆逊波纹疾走
可恶我第一想的也是把他杀了
泪目
泪目
气突苏
《杠铃般的笑声》
泪目
日内瓦，退钱
奶奶总说....
泪目
！！！
哈哈哈哈哈
dio
泪目
Dio
哈哈哈哈哈哈哈哈哈哈
泪目
喷溅药水
泪目
1
我是黑虎阿福，你准备受死吧
扣诺DIO哒
蕾姆
泪目
目泪
我竟然猜到了他会放屁
泪目
我在叙利亚当雇佣兵doge
奶奶告诉过我（单手指天）
还有不能去看奶奶
小马宝莉？？？
泪目
泪目
QAQ
嘿嘿
哈哈哈哈小王的裤子被拿来做火炬了哈哈哈
前方高能
DIO
觅血殡城
笑死 我教授的nice
《刻在DNA里》
《口号》
泪目
？？？？？？？？？？？？？？？？？？？？？？？？？？？？？？？？？？？？？？
哈哈哈哈哈哈哈哈哈哈哈哈哈哈哈哈哈哈哈
l'l'l'l'l'l'l'l'l
s's's's
lllllllllllllll
背景音乐不对劲
嘿嘿
巜蜜雪冰城》
不对劲
泪目
1000万刀！
呢嘻嘻
ohhhhhhh
《老番茄行纪》
叙利亚打工一天多少钱
森♂之♂妖♂精♂
DIO！！！！！
类目
哈哈哈哈
理查德哈哈哈
十岁成年哈哈哈哈哈
彼得潘
赞美太阳！
？？？
？？
赞美太阳
麦扣姓不姓麦
《小王的打火机》
基德快来
hhhhhhhh
《》名侦探柯麦》
泪目
天
海澜之家
泪目
雕像！
acdc
泪目
泪目
泪目
泪目
泪目
打乱队行
泪目
红 雾 异 变
赞美太阳！
罗杰斯他行不行罗
泪目
哈哈哈
假面骑士BLACK RX也就不能复活了
这就是刑从连吗hhhh
蕾姆
泪目
DIO！
你  礼  貌  吗
银魂！！！！
你   礼  貌   吗
传 说 中 的 魔 法
从前有一个人，他姓科名叫科比
泪目
这个搭配是小王子吗
？？？？？？？？？、
老年人.需要.关爱
哦
盖尔小王
长长的下……我错了
这个bgm响起来就下意识感觉不简单
深化中心，升华主旨，点名中心
注入灵魂！！！
嘿嘿
警长和小王是不是可能大概也许有那么一腿
新婚快乐！！！！
泪目
蕾姆
迪奥
哈哈哈哈哈哈哈哈
泪目
哈哈哈哈哈哈哈哈哈哈哈哈
泪目
绿色战记
赞美太阳
人造吸血鬼？
梦幻联动
贊美太陽
幽灵（）
泪目
用鼻子喝水很好啊，你就可以当憋气冠军了，吉尼斯世界纪录
不用谢
竟然还是长剧情
为什么替保管？不应该是帮他们搬进去？有鬼
艾哲红石
dio
月下三兄贵
像元气骑士。。
小心公关，哈哈哈
游荡在欧洲大陆的幽灵
泪目
泪目
永恒烈阳
我愚者表示很赞
还以为红色的是木头准备火化了
一个木棍加煤炭！！
银魂！
《祝福的救世主与爱之塔》
红雾异变（有端）
怪不得手劲这么大
叙利亚暑期工
ko no dio da
既然是第一次见面，为什么门上的画？
克苏鲁的套路里这里肯定就团灭了哈哈
没问题呀，把他心脏打开来，把血管剪开 
“大哥，请原谅我任性一回”
使命在召唤
为什么欧洲会有中文的谐音 
银魂好评
哈哈哈哈哈哈哈哈
《新 年 快 乐》
《四 海 为 家》
为什么是三只？
咯咯咯的笑死
戴安娜她姓不姓戴
【DIO】进入直播间
这逼↓
银魂的bgm出来就没好事哈哈哈哈哈哈哈哈哈哈哈哈哈哈哈哈哈哈哈
泪目
泪目
泪目
贝多芬姓不姓贝
泪目
使命怎么又在召唤《》
齐格飞他姓不姓齐
woc
woc
哈哈哈哈哈
是dio！
缩
阿尔弗雷德？？？
第一次见照片都挂墙上了呀
把 你 砌 进 神 像 里
泪目
泪目
刀了
你一千七
你一千万刀还在意收入？
吸血魔兽哈哈哈哈
泪目
此处应有《太阳照常升起》
你有个朋友叫DlO对吧？
觅血殡城
记得奶奶说过
奶奶说过：行天之道走私一切
杀手37诞生了
？
去叙利亚打暑假工
泪目
幽灵
泪目
近视的亲们吧眼镜拿下来 你会发现新世界
柱之男
类目
梵高？
你看进度条了吗
ko no dio da
哎嘿嘿，阿瓦达索命
注意后面金发小孩手里的瓶子，后面会消失
哈哈哈哈哈哈
基德干的（
《蚊 子》
《内 个 绝 招》
哈哈哈哈哈哈哈
泪目
哈哈哈哈哈哈哈
火炎剑烈火
？？？？？？
居然有诡秘粉？！？！？
泪目
注意，奶奶没有被影响
QAQ
wryyyyyyyyyyyyy
这风笛配的。。
我希望看到粉字的后续。现在就要
？？？太阳？？？
DNA动了
“在那之前，要多想”
为什么不换件衣服哈哈哈哈
嘿嘿
哈哈哈哈哈哈哈哈
泪目
红    雾    异    变
泪目
这不巴士底狱吗
小王全名是王权富贵吗
常回家看看
哈哈哈哈哈哈哈哈
后面是塞尔达和林克（不是
血鬼术？
吴亦凡他姓不姓吴
泪目
泪目
哈哈哈哈哈
《小王手劲特别大》
林克hhh
ko no DIO da
Dio
为什么全世界都在说中国话
我以前也以为薛定谔姓薛。。。
《手 劲 大》
无惨！！！
泪目
泪目
深v
欧皓辰，我宣你~~~
好强的魔法
难道是神意密会（doge）
泪目
神父:拿命来
空调王太郎
王鲁诺.王巴那
ko no 迪亚波罗 哒！
泪目
哈哈哈哈哈
inside my DNA
我宣你！
不出意外，结局在来个反转
8=======D
泪目
《DlO》
magic！
嘿嘿
登 Duang郎
十个泪目九个笑，还有一个找不到
泪目
看影子！长老消失了！
kabuto
@雷电将军
正片开始
欧西里斯的天空龙
爱尔兰的苏格兰放风笛干啥
老坛在看doge
泪目
十岁就成年这怕不是吃激素长大的
你的裙子都被警长拿去做魔法火炬了
缸中脑↓
我刚才在喝水，呛了我一声。
用温柔的语气说出狠话（bushi）
这个场景好像带着对象来家乡去见家长啊（狗狗狗头）
啊啊啊啊啊他们是真的! ! ! ! ! !（没有）
嘿嘿
泪目
泪目
奥西里斯之天空龙拉的翼神龙
茄哥声音好听感人
泪目
麦北海
一束阳光老番茄
嘿嘿
柯南道尔的手稿
泪目
有放生宝可梦内味了
荧光闪烁！
Lumos
厉火咒！（bushi）
怕怕～
好耶～
所以成年礼只有十岁大的衣服？
气氛组
小王子
无惨
银铃般的笑声
哈哈哈哈哈哈哈哈
承包空屏
是蕾米莉亚
强行升华
阿福哈哈哈哈哈哈哈哈哈哈
哈哈哈哈哈哈哈哈哈
哈哈哈哈哈哈哈哈
漫画联动
笑嗨了哈。
哈哈哈哈哈哈哈哈哈哈哈哈哈哈哈哈哈哈哈哈哈哈哈哈哈哈哈哈哈哈哈哈哈哈哈哈哈哈哈哈哈哈哈哈哈哈哈哈哈哈哈哈哈哈哈哈哈哈哈哈哈哈哈哈哈哈哈哈哈哈哈哈哈哈哈哈哈哈哈哈哈哈哈哈哈哈哈哈哈哈哈哈哈哈哈哈哈哈哈
人已经看傻了
泪目
ohhhhhhhhhhhhhhhhhhhh
蕾姆
月亮反射的太阳光很微弱
云天明直呼内行！“我不宣誓！”
泪目
《古典而又神秘的魔法》
小面包时间！！！！！！
破坏力强
我们非得站着淋雨吗？
朔间零
ko no dio da!
鬼见条，事情不简单
泪目
泪目
泪目
乌鸦坐飞机！
泪目
龙王小王
泪目
？？？？
泪目
伍迪！
果然是蕾米莉亚派来的吧！！！
哈哈哈
小王的衣服？！
蕾姆
噢噢噢噢
66666666
红红火火恍恍惚惚hh
莎普爱思滴眼睛
荧光闪烁！
嘿嘿
泪目
哈哈哈哈哈哈哈哈哈哈哈哈哈哈哈哈哈哈哈哈哈哈哈哈哈哈哈哈哈哈哈哈哈哈哈
哈哈哈哈哈哈
泪目
把他心结剪了
那小王还当警察干嘛
进度条警告
小王的裙裙变短了哈哈哈哈哈
桀桀桀
ohhhhhhhhhhhhhhhhhhhhhhhhhhhhhhhhhhhhhhhhhhhhhhhhhhhhhhhhhhhhhhhhhhhhhhhhhhhhhh
哈哈哈哈哈哈哈哈哈哈哈哈哈哈‘’
哈哈哈哈哈哈哈哈哈哈
见   家  长
确实是蚊子啊！！！
？？？
银魂！
妈妈总对我说:微笑会感染人心，看来没错
bgm: a whistle on the wind
你拿走了不还是走不到阳光底下吗
泪目
泪目
哈哈哈哈哈哈哈哈哈哈哈哈哈哈哈哈哈
哈哈哈哈哈哈哈哈哈哈
(°∀。)嘿嘿
泪目
欸嘿～
是黑虎阿福
火焰附加II
这熟悉的op
泪目
哈哈哈哈哈哈哈哈哈哈哈哈哈哈哈哈哈哈哈哈哈哈哈哈哈哈哈哈哈哈哈哈哈哈哈哈哈哈哈哈哈哈哈哈哈哈哈哈哈哈哈哈哈哈哈哈
DIO！！！！！！！！！
《蜜 血 冰 城》
觅血殡城
哈哈哈哈哈哈哈哈哈哈哈哈哈哈哈哈哈哈哈哈哈哈哈哈哈哈哈哈哈哈哈哈
泪目
法术秘籍：祝你爷爷奶奶身体健康万事顺意！！！
《警长，能不能别摸我了》
你也有恶魔邮票？
蜜雪冰城：说吧要多少才能把视频删了
是药师！
精灵旅社吗
银魂排面！
哈哈哈哈哈哈
哈哈哈哈哈哈哈哈哈哈哈哈
名侦探老番茄
不是，小王你咋回事啊
哈哈哈哈哈哈哈哈哈哈哈哈哈。
为什么奶奶一直很平静？
嘿嘿?前面的也在嘿嘿
《心解开》
进度条它不对劲
泪目
瓶子不见了
这bgm不是英国国葬上放的
好有道理哦
时间停止
啊♂
《论管家都叫阿福这档事》
看左上角有照片噢
为什么放苏格兰风笛
真一一一柱之男
蕾米莉亚
如：wyyyyyyyyyy
哈哈哈哈
瞅瞅
画像?还是雕塑
泪目
巨  石  阵
十岁均码
勇敢的心吧
承 上 启 下
47
????????
hhhhh
哈哈哈
哈哈哈哈哈哈哈哈哈哈哈哈
哈哈哈哈哈哈哈
hhhhhh
底下的别发刀
危
所以宝石怎么被偷的？
赞美太阳！
赞美太阳
王老菊↓
这风笛不是葬礼用的？？？？
核聚变装置
泪目
泪目
为什么我猜到了啊喂！！！！！！
hhhhhhhhhhhhhhhhhhhhhhhhhhh
泪目
麦扣不就是姓麦
小王不是姓小嘛？？？？
嗯～
四单都怕我!
泪目
进度条感人
林克
一群风神
泪目
数码宝贝！！！
蕾姆
天空之神——奥西里斯的天空龙
基德偷走了宝石awa
李斯特：？？？？？
ko no DIO da ！
塞尔达
一股子姜云升味儿
“我恨呐”
真齐实
突然聪明
啊~
233333
就离谱
dio！
有内味了
23333333
就离谱
开心鬼！
嘿嘿
麦抠为什么知道有三个吸血鬼？
成年仪式十岁均码？
泪目
从时刀那过来调节
眼睛里进吸血鬼了
红红火火恍恍惚惚
银魂好评
哈哈哈哈哈哈哈哈哈哈哈哈哈哈哈
没事了
麦克达克？
哦好久不见甚是想念你吃了吗睡了吗洗嘎吱窝了吗
泪目
梦幻联动
星战迷狂喜
银魂！！！！！
上杉越见源稚生
月下三贵兄
hhhhhhhh
心脏骤停
（魔法）
是你了迪奥
芙兰朵露
月下三兄贵
泪目
绿色超短裙哈哈哈哈哈哈
泪目
均衡教派
DIO
泪目
泪目
？？？？？？？？？？？？
哈哈哈哈哈哈哈哈哈哈哈
哈哈哈哈哈哈哈哈哈哈hhhh
dio
哈哈哈哈哈哈哈哈哈哈哈或或
哈哈哈哈哈哈哈哈哈哈
星战yyds
泪目
您是布鲁斯？
泪目
掰骑（巴尔坎）
我第一反应也是小王子
上面的粉字发言很危险 写完记得发我
奶奶为什么没事儿？
在随后，我们的宝石掉回来了
禁止感动
“北海，要多想”
“大哥，请原谅我任性一回”
请收下我的膝盖
《美   妙   的         清   脆   的          银   铃   般   的》
呜呜番茄真的好喜欢用银魂bgm
史上最狠中学生的梗 
呀我也
泪目
篮球皇帝张伯伦
真不错
《午夜凶铃般的笑声》
这个真好看，嘿嘿
完结撒花
dio哒
砙
王-谢尔比-乔达目
反客为主
哈哈哈哈哈哈哈哈哈
泪目
泪目
《紧跟时事》
然后木棍加煤炭
火力全开～!
泪目
库里姓不姓库
夢幻聯動
艾哲红石（不是）
深藏不露
このdoi哒
均 衡 教 派
服了老番茄是宝可梦玩家竟然还有人隔着刷洛氪王国
DIO
梦幻联动
哈哈哈哈哈哈哈
DIO
腹肌好评
哈哈哈哈哈哈哈哈哈哈哈哈哈
《常回家看看》
小《王》 子
小 《王》 子
小王子芜湖起飞
泪目
银魂炸出
基德跨境偷宝石
基德跨境偷宝石，
蚊子！
蚊子！！！
蚊子！！！！
蚊子！！！！！
蚊子！！！！！！
蚊子！！！！！！！
奥西里斯?
kolodio哒
《黑虎阿福》
泪目
《古典而又神秘的魔法》
蜜血冰城？？？？
热血……热血……热血！！！
红雾异变
手劲大是伏笔吗
泪目
哈哈哈哈哈哈
林加德他姓不姓林
泪目
泪目
《一千万》
《手劲大》
《准备好》
比博燃
我估计太阳要爆炸
还是太阳比较聪明
《血顶咖啡》
老番茄
《蚊子》
原来吸血鬼就是蚊子精啊
好耶
《用鼻孔喝水》
《美妙，清脆，银铃般的笑声》
物理魔法
你那个打火机不也是魔法
光就是一切的意义
艾哲红石
北海要多想哈哈哈
哈哈哈哈哈哈哈哈哈哈哈哈哈哈救命
哈哈哈哈哈哈哈哈哈哈哈哈哈哈哈哈哈哈哈哈哈哈哈哈哈哈哈哈哈哈哈哈哈哈哈哈哈哈
dio！
泪目
把他鲨了
默契
泪目
吴亦凡行不行
泪目
鬼舞辻无惨
技能知道∶灶门炭治郎
kswl
亭哥直呼内行
终于知道为什么手劲这么大了
赞美太阳
锈湖？
为啥是三只
表面上是三个人在笑，其实是四个人在笑
阴灵
梅开二度
？？？？？？？
哈哈哈哈哈哈哈哈哈
泪目
泪目
爱尔兰？？？ 我是英国的？？？
猜到了
吼吼吼吼吼吼吼吼吼吼吼吼吼吼吼吼
喊得太齐了哈哈哈哈
奥义魔法——液氧之术！
弹幕护体
哈哈哈哈哈哈哈哈哈哈
我叫阿福，是神秘意会的管家
泪目
泪目
hhhhhhhhhhhhhhhhhhhhhhhhhhhhhhhhhhhhhhhhhhhhhhhhhhh
萧伯纳他姓不姓萧
麦警官对小王好温柔kdl
泪目
哈哈哈哈哈哈哈哈
冲
泪目
泪目
右边的画禁止套娃
有些人在b站看着看着就去老福特了
麦扣怎么知道有三个吸血鬼？
Ko no Dio da!!!
ko no dio da~
泪目
有一个人姓科他叫科比
数码宝贝！数码宝贝！
泪目
烂特蓝德寺
哈哈哈哈哈哈哈哈哈哈哈哈哈哈哈哈哈哈哈哈哈哈哈哈哈哈哈哈哈
好好好好
把太阳版搬过来
草
泪目
要用魔法打败魔法！！！
牙
................................................................................................
《最后一件事》
赞美太阳！！！
基德（doge
谢谢老铁送来的火箭
理查德姓理啦
理查德姓理啦
荧！光！闪！烁！
乌里姆齐的也太好笑了把
火焰熊熊！
好善良
奥利给
群  管  理  员
哈哈哈哈
北海，要多想
北海，要多想
北海，要多想
荧光闪烁！
刻进我的DNA
异口同声
蚊～子～
好耶！
禁止好耶！
还有林肯姓不姓林
我也猜到了 为啥啊
因为要了三杯咖啡~
QAQ
那没事了
魔术师？
《不杀之恩》
带着光的人！！！！！！！！！！！
我 的 世 界
泪目
泪目
嘿嘿
是在ufc被打傻了吗？
相信在座的各位也嘿嘿了起来
我觉得男主也啥都知道但是懒得管。不危害自己的都划水过去
类目
哈哈哈哈哈哈哈哈哈哈哈哈
真   物理开门
ko no dio da
乌姆里奇？
泪目
泪目
完了，我也有这个超能力了
名侦探番茄
哈哈哈哈哈哈哈哈哈哈
精灵旅社永远的神。
哈哈哈哈哈哈哈
石像
阳光下的地盘（错乱））
泪目
赣老粘人？
芜湖
我宣你！！！！！！
赞美太阳
进度条告诉我不简单
吃吃血糕
高尔基姓不姓高，罗斯福姓不姓罗，杜鲁门姓不姓杜
现实宝石(doge)
哈哈哈哈哈
Damn~
哈哈哈哈哈哈哈哈
北海，要多想
月下三兄贵
《  魔   法  》
等？等会儿！？什么家？汪家！？！？！？张起灵！吴邪！快来啊！！！！！！汪家余孽啊！！！！
泪目
屠龙世家？
这不比博人传燃
任性♂
泪目
秃掉了。。。
王47？？？！！！
有点小
然后宝石不见了
昂！阔yuo...DIO哒！！！
啦啦啦
哈哈
离谱
真理圣主
核聚变表示不服气
泪目
奶奶肠缩
泪目
好像上一集的宝石（奇怪的预感）
西红柿首富
《认孙子》
某院院长
哈哈哈哈哈哈哈哈哈哈哈哈哈哈哈
觅血殡城
泪目
泪目
路西斯之行！神王
哈哈哈哈哈哈哈哈哈哈哈哈哈
没想到番茄还看ufc
升华主题
十个泪目九个笑，还有一个听不到
《骄傲》
老番茄姓不姓老
dio大！
赞美太阳！！！！！
我就是太阳(doge)
小王其实全名王浩然，是达拉崩吧班德贝迪朴多比鲁翁和那个公主的孩子
柯南BGM好评
《魔法》
进度条！
挂在墙上的画与最左边的雕像是同一人
两杯饮料为什么有三只吸血鬼呢
泪目
哈哈哈哈哈哈哈哈哈哈或或或哈哈哈
泪目
泪目
全体起立
泪目
细节爱尔兰风笛
麦扣馋小王身子，磕到了（bu shi
灵庙哈啊啊啊啊啊啊
哈哈哈哈哈哈哈哈哈哈哈哈哈哈哈哈哈哈会
北海，要多想
是你
是你！！！！！！！
。。。。。。。。。
泪目
泪目
dio
不道啊
嘿嘿
泪目
诶嘿
《妹有》
大不列颠及北爱尔兰联合王国
出血效应 
犹太人
泪目
嘿嘿嘿
这有点少吧
泪目
温迪？
笑了
彩虹赤石
wow
KO NO DIO 哒 ！
ko no dio 哒
赞美太阳！！！
银魂
资本家
黑虎阿福
精灵旅社
dio
泪目
霍 格 沃 茨
姬神秋沙:把他鲨了?这段我熟
不是你等会你怎么知道有三只
《   把    他    鲨    了  》
果然练过哈哈哈哈哈哈
不杀之恩哈哈哈哈哈哈
蕾姆
……
蚊子哈哈哈哈哈哈
《现代魔法》
为了部落
哈哈哈哈哈哈哈哈哈哈
替身使者
进度条说明一切
泪目
DNA动了
埃姆林怀特
赞美太阳
富二代傻子攻*温柔警官受
天生一对太配了
磕疯了，磕疯了
《爱 尔 兰 王 氏》
升华了
泪目
泪目
㐃上面的粉字我突然就兴奋了起来（doge）
↑小王子               
↑小王子
《猛男》
DIO
long may the sun shine！
确     实
嘿嘿
俊俏
??????????
美妙的
清脆的
银铃般的
BLACK RX
克莱西斯（
王家王老菊
不破谏
泪目
草，吸血魔兽
  刀哥
哈哈哈哈哈哈
一个幽灵
大雄狂喜
所以叛逆的原来是爸妈么？
这蚊子太草了
措不及防
进度条过半了铁铁
泪目
首先我们需要一根木棍和一块煤炭……
这不是爱尔兰吗？这苏格兰风笛是什么鬼？
真好
小日子过得不错的小王同学
阿福 您姓邢吗？
哈哈哈哈哈哈哈哈哈哈哈哈哈哈哈
小王和麦扣结婚现场（不是）
赞美太阳
D~I~O~
宁就是百特曼？
奶奶没被影响
QAQ
目标是以科学凌驾于魔法的力量之上
怕怕
两个树枝两个草
ko no dio da！
dio
去叙利亚打暑假工
诶嘿
礼貌：您蜜雪冰城吗？
全部家当：麦扣
泪目
往生堂
黑虎阿福
哭了！
《蚊子》
说来不信我用眼睛喝水。
《魔法》
哈哈哈哈哈哈哈哈哈哈哈哈哈
nice
hhhhhhhhhh
升华主题
哈哈哈
木棍加煤炭
泪目
？
lumos maxima！
我不对劲
嘿嘿
主要这人先放手再黑的天，证明他早有预料
泪目
？草，小王你是不是有两个身份？
小王子？
泪目
合情合理
林克！
难怪手劲大
偷打火机的屑
小王说的没错（）
怪不得里世界nb
QAQ
泪目
哈哈哈哈哈哈哈
嘿嘿，我还真的笑了
那招
短裤不过膝
艾泽红石
dio!!!!
哇喔？
大哥，请原谅我任性一次
掩体计划！！！（doge）
Damn~
孑孓
蜜雪冰城属实给我整懵逼了
祖先正在上线
哈哈哈哈哈哈哈
泪目
hhhhhhh
dio
嘿嘿
leim
硬核回忆
鸭子侦探
狄拉夫表示丢鬼
是你，DIO！
？摸
dio直呼内行
艾哲红石
一草一树枝
蚊子白天吸血更狠
是哈孔领主！！
为什么奶奶没被影响呢
蕾米莉亚
这是异变啊麦扣
哈哈哈哈哈妹有啊
反将一军
精灵族吗这个装扮
一时竟觉得小王说的也没错
小王的绝美身材
奇怪的超能力出现了！
杠铃般的笑声
梗太多了
笑点太过密集我都笑不过来了
红雾异变（无端联想）
爱情的味道
《神秘意会》
dio！！！
柯南的BGM
我就知道，这么多年没见，肯定是要继承财产
哈哈哈哈哈哈哈
守护太阳，哈哈哈哈哈哈哈
所以左上角的照片。。。。。
吸血魔兽
银魂！
《巴黎世家》
蜜血冰城血淋淋～～～
泪目
奶奶说过（指刚才）
都见家长了差点写族谱上了任性啥呀上吧
正能量
dio啊！
果然是吸血鬼
石像鬼
那之前是怎么偷过来的啊明明在天上
阿瓦达啃大瓜!!!!!
泪目
左下角的鼠标！
哈哈哈哈哈哈哈哈
暴力刑警
雄氏老方
汪家
粉字太会了，lofter见
草 怪不得手劲大
“搭噶，口头哇路”
？？？？
吊儿不烂肚
《双子星公主》
继续刻在DNA里的BGM，柯南yyds
嘿—嘿/
薛定谔他姓不姓薛？
我也不自觉的嘿嘿了，为啥呀哈哈
王家要完。
红色的幽灵
救命哈哈哈哈哈哈哈哈哈哈哈哈
神意密会
赞美太阳
索拉尔：咋不叫我呢
全世界都在说汉语
你真棒！！
我居然猜到了2333333
哈哈
我竟然猜对了，我还有救吗？
好耶
ohhhhhhhhh
seamus finnigan 爆炸王
骄傲
雷目
月下三兄贵
泪目
《现代魔法》
怎么那么想传销，还带全部家当过去
进度条告诉我没那么简单
章北海觉得很赞
艾哲红石（无端
时停（）
吸血鬼？
张伯伦，张家的骄傲
建议0.5倍速
与祖先记忆同步
奶奶说过 我是行天之道总司一切的人
觅血冰城
小王这样真的好s a o哦
特殊能力:时停
薛定谔她姓不姓薛
波纹疾走
我还是很在意那个墙上的照片
1eee+
呵呵哈哈哈
哈哈哈哈哈哈哈哈哈
哈哈哈哈哈哈哈哈哈哈哈哈或或
哈哈哈哈哈哈哈哈哈哈哈哈或或
KO NO DIO DA!!!
鸣人行为。
dio！
妙啊
编剧导演：阿加莎克里斯蒂
精灵？
泪目
霍金姓不姓霍
科学
哈哈哈哈
不对，第一次说的是36代，这次是37代
此时突然一把利刃刺穿了你的心脏
小王身材这么好吗
lumos———————！
终极荧光闪烁！！！！！！！！！！！！！—
是因为你啊，警长。
家主手里的拐杖+小王的衣服=火炬
泪目
泪目
damn～
登dua郎仪式
奶奶说过，不要在艾欧尼亚招惹艾欧尼亚人
觅血濒惩
赞美太阳
柯南的bgm真有人不知道吗
我们的家族没落了
小王的衣服好像被撕了
梦回行尸走肉。
新橘子哇一次摸一兜子
奶奶应该有问题，奶奶没受影响
“整齐”
我叫黑虎阿福
泪目
哈哈哈哈哈哈哈哈h
资本家
美女！
泪目
你药物
进度条感人
《奶   奶   说   过》
永恒
泪目
泪目
哈哈哈
柯  蒂  斯
ko no dio da 
Ko no DIO da
泪目
我徒弟哪？
正片开始
不会返祖吧？
东方永夜抄
全世界都讲中国话
不用工作台
哈哈哈哈哈哈哈哈哈哈哈哈哈哈哈哈哈哈哈哈哈哈哈哈哈哈哈哈哈
靠，我居然笑出来了。
哈哈哈哈哈哈哈哈哈
哈哈哈哈哈
绿林家族
泪目
吸血魔兽你怎么拉了
哈哈哈哈哈哈哈哈
ko no dio da
那奶奶为什没没有被影响
 银魂
李斯特
哈哈哈哈哈哈哈哈哈哈哈哈哈哈哈哈哈哈哈哈
ハハ、人を殺さない
《元气骑士》
泪目
太空旅行
避孕套
小王子？！
祝你爷爷奶奶外公外婆身体健康
第三十七代太阳骑士
资本家
哈哈哈哈哈哈哈哈哈哈哈
嘿嘿
嘻嘻嘻嘻嘻嘻嘻嘻
来吧希斯特莉王
应该是巨壁
上面粉字你让我支棱起来了
大；放大；发的方法大；方法大；放大；放大；放大放大方法大放大；方法大；放大；方法大；放大；放大；放大；放大；放大；分地方大；方法大；放大放大放大；分放大放大方法大放大方法大；放大；
k\
;k\
Dio
《我宣你》
大哥，原谅我任性一回【什】
ko no dio da
泪目
泪目
我不对劲
刀哥
转dua郎
卧槽这个地方好像迷雾侦探
泪目
奶奶肠缩？？
好耶！
《 平 衡 》
奶奶肠缩
黑虎阿福？
小日子过得不错的小王爸妈
赞美太阳！！
《小木棍》
这个妹妹我曾见过的
我不做人啦
（A-A）
（AvA）
林克
dio哒
dio！！！！
是......是睡衣小英雄！！！
泪目
薛定谔姓薛
平a全是技能的阿福？
泪目
小-世界和平-奥特曼-王
麦扣：你认错人了，但词没用错（doge）
哈哈哈哈哈哈哈
太阳没了
《美妙》
毕博然
这些根本不是吸血鬼吧……脸色是正常人
泪目
泪目
QAQ
哈哈哈哈哈哈哈哈哈哈哈哈
Dio
雷姆
",,,,,,,"
王马小吉姓不姓王
阿丽亚
泪目
阿福
马了顶大姓不姓马
小日子过得不错的日本
小日子过得不错的日本选手。
太阳宝石是我dio哒！
太阳照常升起，久石让
大哥，请原谅我任性一回
红 雾 异 变
物理授权
不破谏
泪目
好耶
Dio！！！！
Dio！！！
盲猜是管家
哈哈哈哈哈哈
所以那个画像？
自画像
原始不是变成石像啊喂
赞美太阳
红雾异变（
蕾姆
我的很臭，你要忍一下～
ko no dio 哒！
嘿嘿
觅 血 殡 城
《元气骑士》
哈哈哈哈哈哈好玩好玩好玩好玩好玩好玩好玩好玩
我是行天之道，总司一切之人
Dio
哈哈哈哈哈哈哈哈哈哈哈哈哈哈哈
波纹(doge)
dio！！！
给我哭
梦幻联动
杀人诛心
泪目
伏筆
伏筆
小王子同款衣服？
手劲大 吸血鬼
小王的超短裙
开团！！！
cao哈哈哈哈哈哈哈哈哈哈哈哈哈哈
这是人类的落日
是蕾米
无产主义者
传销专用音乐
老番茄姓不姓老
这裙子真的好短
我是往生堂第77代堂主胡桃
为什么麦扣和奶奶不会受到影响呢？（小王改造了车老人也有特殊举动）
小王裤子呢
吸血鬼
泪目
a's'd'f'g'h'j'k'l
柯南也姓柯啊
哈哈哈哈哈哈哈哈哈
官宣吧!
泪目、
啊啊啊啊啊柯南
DIO
吸血魔兽可太草了
《关于大不列颠体天天下雨这件事》
《蜜血冰城》
FBI！
泪目
新橘子哇一摸一兜子！
中国boy
背景音乐来自柯南
北海，要多想
【【？“”“”“”“”“”“”“”“”“”“”“”“”“”“”“”“”“”“”“”“”“”“”“”“”“”“”“”“”“”“”{{{{{{{{{；
好，那我们就来谈谈安心
你你就是战警吗
放飞小高
你搁在儿元气骑士呢（doge）
Dio
？草哈哈哈哈哈哈哈哈哈哈哈哈哈
愉悦者
嘿嘿
嘿嘿
嘿嘿~
吸血鬼
《所以是不是没有人记得奶奶房间和小王的合照了》
进度条不简单
好了，赞美釹神
好了，赞美黑夜，赞美釹神
哈哈哈哈哈哈哈哈哈
艾 哲 红 石
两杯饮料为什么有三个吸血鬼嘞？
321开团！
这进度条不对劲儿
《世界》
居然没人认识吸血魔兽了吗？
雷姆
赞美太阳
泪目
蚊子~
带人，时代变了
你们看左上角有个照片
阿尔弗雷德！
泪目
卖鸡小子雷德！
dio
这不是乔家的那个女神雕像吗
花蚊子
嘿嘿嘿
ohhhhhhhhhhh
奶奶有问题
北海，要多想
给大家讲个鬼故事：进度条
银魂bgm啊啊啊啊啊
泪目
鸭少自画像
魔法课堂开课了
有的人看着看着就去了lofter
吸血鬼干的？看不到太阳
dio！！
开团！
艾哲红石
泪目
李斯特哈哈哈哈哈哈哈哈
Dio
礼貌：你蜜雪冰城吗？
阿福哈哈哈哈或或哈哈哈哈
泪目
“女神宿舍”管理员（doge）
我懂了，你是kabuto？（误）
小王hso
一次性宝石
泪目了兄弟们
cod
老穆棍
奶奶的房间里有小王和奶奶的画像
泪目
感情你们在直视永恒烈阳！？（doge）
黑夜女神！（doge）
吸血魔兽！
泪目
暮光之城？
小王：只要工作内容不需要动脑，我无敌
射~
哈哈哈哈哈哈
上面的，麦扣在和那些人一起骗小王的钱
一行：wdnmd
我王薇薇王薇薇呜呜呜呜
泪目
qwq
前面药师途径的吸血鬼那位老狒狒了(
感谢不杀之恩
左上角！
叙利亚更赚点
看来这家族里是真没人了
手电筒
前面的家族传承这玩意好像不怎么奇怪吧.....(doge)
爱尔兰也有风笛的，不是只有苏格兰有
物理武力值爆表
梦幻联动
全世界无产者
泪目
法兰西贵族
约瑟夫
艾哲红石
那小王奶奶是怎么做到平静的
在基德手上
？？？
明明是血族
补水
在DNA里乱刻东西小心亲子鉴定验不出来
嘿嘿
泪目
我快笑疯了
泪目
这特么十岁？(doge)
Dio！！！！！！
L
《名侦探麦扣》
泪目
赞美太阳哈哈哈哈哈哈哈
爱尔兰野兽之王
奶奶说过，我小王是司总一切之人
眼睛里进砖头了
泪目
木棍上缠的是小王的衣服下摆吧 人家衣服都那么短了你还撕（
泪目
物理
哈哈哈哈哈哈哈哈哈哈哈哈哈
爱尔兰野兽之王
OHHHHHHHHHHHHHHHHHHHHHHHHHHHHHHHH
婷哥:这我熟
迪奥娜
管家侠物业繁忙
我也猜对了就离谱
hhhhhhhhh
贵妇hhhhhhhhh
哈哈哈哈哈哈哈哈哈哈哈哈哈哈哈哈哈
基德！！！()
名侦探麦扣
冲这个投币
登dua郎
你爱我，我爱你，蜜血冰城
成功陷入混乱哈哈哈哈已经认不清谁是小王了 啊我是小王
银临般的笑声
泪目
哈哈哈哈哈
开元素视野
超  级  大  宝  贝  儿
hiahiahia，小王衣服没了一截
两杯，判断出三只？
呀巴黎
勃艮第·王
没有弹幕？
泪目
DIO
计划C
该开二矿了
风笛声好评
英国蚊式轰炸机
 未曾谋面的，也终会相遇-
礼貌蜜雪冰城：你吗
爱迪生是不是缺爱
赞美太阳
dio！
奶奶为什么和小王有合照、
磕到了
麦扣姓不姓麦？
为啥麦扣一下子就知道是“3只”呢？
荧光闪烁。
达斯  小王
达斯  小王
我在期待着什么
自带柯南的背景音乐。
柯南真身
吸血鬼家族？
173变人（doge
太阳宝石逐渐停止了思考，他再也没能返回地球
dio!
神    意   秘   会
这踏马耶太像刘小怂了（无意冒犯）
泪目QAQ
蕾姆
谁是一行
天 理 维 系 者
银魂啊啊啊太爱了
就近原则，直接拴上
jo厨狂喜
科技改变生活
小王裙子怎么破了
卧槽 这肌肉 
红红火火恍恍惚惚哈哈哈哈哈哈哈哈哈哈哈
《石鬼面》
ko  no  dio  da
BMW
勒木
波纹速成班，招新了
答对了!
两千响够不够（
DNA动了，是银魂（泪目）
燃起来了！
磕拉了家人们
白求恩他姓不姓白
《嘿嘿》
裙子？
把心结解开（物理）
不姓啊hhhhhhhh
小王是爱尔兰猛兽之王
小王奶奶可能，，，，，，
他怎么知道小王是少爷
肯尼！
为啥你们不带伞呢？
我被说服了
哈哈哈哈哈哈哈哈哈哈哈哈哈哈哈哈
洒了
正片开始
没错，吸血鬼可以时停
林克的英杰服
正片开始
物理解开
赞美太阳
他姓小
《异口同声》
QAQ
《蝙蝠侠》管家：阿福
DIO
0+
泪目
拥抱太阳
嘿嘿
ko no dio哒
结婚现场了属于
李斯特yyds
我也想看到后续!
爱尔兰猛兽之王、
《关于UFC金腰带得主被一枪托敲晕这件事》
礼貌：你雪王吗？
《警长我打火机呢》
小王手不累吗？
奶奶说过我是行天之道总司一切的男人
惊现艾伦他爹
《这孩子打小就聪明》
超凡感知确信
泪目
衣服是爱尔兰小精灵
飒呀
盛望？望仔？江添！？
阿福不是蝙蝠侠的管家吗？
《 墙 中 之 鼠 》
Lumos荧光闪烁
不西雪鬼吗
《美妙清脆》
银魂
？
某种意义上来说蚊子也是对的
泪目
粉字好会！我在老福特上看到粉字的后续！
魔法（物理）
阿福你怎么来这了
哈哈哈哈
哦，我还认识个喜欢去咖啡馆坐坐的吸血鬼模特
梦幻联动！！！！有小饼干吗！！！
小王的衣服咋短了一截
明天的太阳
哎我居然猜对了
银魂的BGM
进度条不对劲
画上的
敬业与乐业
我宣誓，我小王永远效忠于麦扣
大银魂永不完结
耶？战争机器？？
科普：巴士底狱是拿破仑时代的一座监狱
哈布斯堡？
怪不得上次他被掐脖子的时候他不会喘。
可莉:10分
嗯怀念不应该是崇拜吗
艾 哲 红 石
最上面内个老诡秘了
掰 尔 坎
李三光他姓不姓李
√《对这个小木棍进行火魔法附魔》——婷哥教与AJ的少儿魔法课程
王                   德                       发
一个幽灵……
那一定是DIO!
Damn~
英灵般的笑声。
哈哈哈哈哈哈哈哈哈哈哈
我不管，麦扣是0！小王是1
我猜城堡地下有刷不完的地牢
卧槽，小王
这叫超能力？
乔斯达家族
迪奥
林克
末影之眼 ？
艾哲红石
成年礼，十岁？
。
真的 住在古堡里的 一般都是德古拉之主 公爵 
联 合 国？
阿福?！
♂啊♂
《一    口    同    声》
《十岁》
说说结婚现场的，老福特见
《癥 憩》
老王，你是不是？
物理献祭
赞美太阳！
传火祭祀场（doge）
好色气啊
《觅血冰城》
那     确     实
哈哈
incendio！
好涩
附魔30点火焰攻击 
懂了，小王是1
yibie
蚊子哈哈哈哈哈哈哈哈哈哈哈哈hhhhhhh
戴安娜笑了
QAQ
基德是你吗
哈哈哈哈哈哈哈哈哈
吸血鬼这个，前几集就有伏笔的
哈哈哈哈哈
仔细看小王的裙子被撕掉一块点火用了哈哈哈哈哈哈哈c
右上角那照片是个悖论啊
赛珍珠姓不姓赛
王1麦0———（鸡叫
hng  nice
赞美太阳！
北海要多想
资本家
荧光闪烁！！！！！
+
你等会！？什么家？？？？？汪家？？？？？？？？？？？？
有反转！！！！
DIO
我才看出来麦口有眼睛，一直以为是头发
0..
太阳不在了，为什么蜡烛还在这儿？
小王的裙子怎么烂了
《杠铃般的笑声》
刘易斯：我也能上榜嘛？诶好好好，这个好！
墙上有奶奶和小王的合影
0.5倍震撼
..........................................................+
王 。乔斯达
牛皮
牛皮
哈哈哈哈
Dio！
"“""""‘""’""11""''''''''''''''''''''''''''''''''''''''''''''''''''"""
关爱空巢老人
还真不姓。。。
懂了手牵了一路
hhhhhh
阿尔弗雷德
阿福蝙蝠侠他想你了
兄弟们，我宣布个事(doge)
银魂bgm
麦扣他姓不姓麦
荧光闪烁
哈哈哈
哈哈哈
进度条好评
《成年仪式，十岁均码》
那么小王的体力会很好吧不知道麦扣能不能承受住（dog）
47：遇到对手了
赞 美 太 阳
俩杯水却有三个吸血鬼
婷哥：？？？
海绵宝宝
克难
柯南
继承家产要让警长同意...（这啥关系）
AC7魔法的爱尔兰！
毫无PS痕迹
小王在上∠( ᐛ 」∠)_
李恩菲尔德不信李
泪目。
小王还吸烟
新机制挖一怎么哟托西，一丝dio
哈哈哈哈哈哈
小王衣服也没了一截哈哈哈哈哈哈哈哈哈
哈哈哈哈哈哈
哈哈哈哈哈哈哈草
哈哈哈哈哈哈哈草
才
？月亮？
阿蒙？
那是不是李世界的麦扣也这么牛
战争机器好评
小王以前的上司叫戴安娜，秀儿啊
苏格兰风笛
可恶，经典柯南三选一
我也忍不住这样笑了一下
薛定谔姓不姓薛
杠铃般的笑声
抓 屁 给 人 闻
主线剧情来了
这就是爱
《觅血殡澂》
这不是警察的制式服装吗？
猴王
hhhhhhhhh
《 嗨   害 》
凑合
火 焰 附 魔
美 声 僵 尸
海绵宝宝！！！！
《阳光小城》
血鬼术，爆血！
嗨害嗨！
nb
哈哈哈哈哈哈哈哈哈哈哈哈哈哈哈
起    飞       喽！！！
礼貌雪王:你吗
萧伯纳真的姓萧哈哈
杠铃般的笑声
进度条不对劲
《远古时代》
合照
那您是不是布鲁斯韦恩
 古典而又神秘的物理魔法
小王的裤子……哪里不对劲吗？
泪目
47
物！
忽然想到奶奶不是和家里人断绝关系了吗
我知道了！首先排除日光之城
有没有一种可能，这长的有点像核弹
奶奶为啥没被感染呢？？
艾哲红石（超级版）
KO NO DIO DA!      WRYYYYYYYYYYYYYYYYYYYYYY
灭法者
NB
IMPOSTER
怕怕
DIO！
泪目
冷知识：王尔德姓王尔德
冷知识x4：李查德姓李査德
Damn~
这里切切的语气好像和亲手带大的孩子分别啊（x）
汪汪血饼（47后遗症）
《别摸我了》
《 打 我 机 也 没 了 》
DIO爷！
所以…小王的全名是布鲁斯·小王·韦恩？
懂了，从千里之外走过来的
目的：阻止后羿射日
以世界的人
一个两个都是奇奇怪怪的替身使者
木材加凝胶
有点像徐大虾
说白了警长就是馋小王身子嘛ww磕到了
麦也是一个中文姓氏呢……
赞美太阳
《欧洲跪组》
小王.乔斯达
乔斯达不动产
艾这红石
话说第一次见，房间里却有小王和奶奶对合照
隐藏的富翁
看这文艺复兴的衣着…………达……达·芬琪?!!!
QAQ
真是王家？！
突然有点泪
麦扣的语气…有点不对…不对劲
马尔福他姓不姓马
这里十岁成年吗
创造与魔法
最后有一件事：进度条刚过半
上面粉字太会了吧！！！
《爱尔兰猛兽之王》
巴尔坎
这句话也可能表明小王的身份或性格
在我口袋里
金典三选一
王亨利姓不姓王
柏林防空塔
这里警长的语气有点低落嗷
我，就是太阳！
47：听着…
终结太阳暴政了属于是
刺客信条是吧？
啥伯伦？
“那么，让我任性一次吧，麦扣”
粉字有前途，lofter见
楼上详细说说
突然感觉在看银魂
QAQAQAQAQAQAQ
麦口：“想了之后呢”
火元素附着。
最近诈骗挺猖狂的
布鲁斯王恩
看墙上照片
《同口异声》
雪（悲）
DAD
DIO !（即答）
@半只狐狸
浴血兵城
爱尔兰共和军:有人来了？
家族？问过我唐·柯里王了吗？
所以这身衣服就不换了是吗？！
The World
一个幽灵！！！
扣类哇迪奥哒
牛b
eeee
麦扣第一次被小王问的哑口无言。。。
这不就是元气骑士里的宠物？
赞美错误
降临吧！奥西里斯之天空龙
红色的幽灵
我以为是资本家
3.2
`
BGM好评
QAQ
天命教国（大雾）
小傻瓜
前面那个  不对劲，应该是刀子嘴豆腐心受才对（？）
前面粉字咱们老福特见
我不对劲
草 好像真是
太草了
哈哈哈哈哈哈笑得我
""
第一个看完
早
嘿嘿，没人
承包空屏
第一个看完
聪明的孩子早就把进度条拉到最后当第一了
升华主题
三分钟
有啥好骗的
早
掰掰
现在还没人
第一个看完
第二个看完
进度条警告
进度条不对劲
第一个看完的
泪目
泪目
看完！
泪目～
泪目
哈哈哈哈
泪目
泪目
泪目
第一个看完！
蕾姆了蕾姆了
wow
泪目
哈哈哈哈哈哈哈哈
哇哦
泪目
头一次这么前排
我去.....看不出来呀小王
牛牛牛
这个呵呵有那味了
看完啦
泪目
升华
我才是第一
第一个！
第三个看完
诈骗团伙！
番茄牛逼！
相信科学
杀……杀猪盘
泪目( Ĭ ^ Ĭ )
泪目
好好听 诶嘿
老番茄牛！
泪目
袜
蕾姆
老番茄牛逼！！
主题升华
泪目
极限反转
相信科学
愣着干嘛，快点赞啊
我也看完了哦耶
那养老院的老人又怎么解释？穿越吗
紧跟时事
一千万刀乐
小时候讲故事…
太感动了
升华主题，太牛了
泪目
泪目
什么，我老婆是假的
泪目
看完了才发现自己这么靠前 
外卖哈哈哈
卧槽    牛逼
牛逼
哈哈哈哈哈哈哈哈哈
番茄nb！
升华主题
正片开始
泪目
卧槽切切牛逼！
一会就把番茄汁打出来了
所以小王是怎么付旅游的钱的呢？
“国际诈骗团伙仍未抓获
外卖是什么鬼哈哈哈哈哈
泪目
老番茄nb！！！！！！！
欺诈大师
泪目
牛牛牛
啊♂~
茄哥yyds
卧槽
谨防网络诈骗，96110防诈骗报警电话
泪目
类目
大欺诈师
泪目
看完了！！！
老番茄牛逼！！！
7分钟
那就99嘛[doge]
卧槽
泪目
好家伙
危
结尾升华主题哈哈哈哈
卧槽，这个我靠绝了
牛逼
正能量
感动！
哈哈哈哈哈
"罗老师,别这样"
警长和小张是真爱啊啊啊
所以所以真相是啥
行骗天下：被害人视角
牛啦
卧槽，反转
看不起谁？
紧跟时事
红柿子nb!
喜欢这个声音！
泪目
这个我靠好可爱
我靠～～～～
每两桩案子就搞砸一桩的屑侦探
哈哈哈哈哈哈哈
百慕大是假的？！
!
哈哈哈哈
泪目
哇哇哇
泪目。
泪目
泪目了
反转绝了
养老院老人团伙诈骗呗
牛牛牛！
牛哇
我，吸血鬼，打钱
我为什么总是觉的这里的麦扣像是透明的一样
泪目
欺诈大师！！！
有行骗天下那味了
老番茄yyds!!!
奇怪的升华增加了
洋柿子n b
我靠！！！！！！！！
泪目
泪目
记得开0.5
希望人没事
啊~♂，我♂靠
泪目
泪目
好可爱
泪目
牛逼 行骗天下呀
哇哦  绝了
百慕大是欧洲自演自导的
泪目
泪目
泪目
外卖 老番茄
泪目
老番茄yyds
牛的
国 际 诈 骗 团 伙
好家伙
生化主题
wc
泪目
晒黑=吸收非洲气质
泪目
欺诈大师
NB的！茄茄
格局打开
好帅！！！！！！！！！
升华一下
升华主题 首尾呼应
好臭的番茄♂
你再骂！！！！你再骂！！！
可以可以
大欺诈师的感觉
袜
这个我靠又娇又狠是怎么做到的TT太可爱了
泪目
泪目
老番茄nb
l
百慕大是假的？？？？
啊？什么？百大是假的？
泪目！
实惨
鸡皮疙瘩起来了我靠
害怕
卧槽太牛了
升华了
救命这声我靠好苏好可！！！！
泪目
我死了
泪目
？哈哈哈哈哈哈哈哈哈哈哈哈哈哈
我获得了一种别样的快感......
头皮发麻
我靠————
危
《最佳出价》
酒驾，害人害己
进度条暴露了一切
危
好家伙
好娇（bashi）
泪目
都是伏笔绝了
卧槽
牛啊牛啊
升华主题
泪目
我靠~~~
泪目
太强了太强了
太好看了太好看了！！！！！！！
主题升华
鸡皮疙瘩
泪目
泪目
啊啊啊啊啊我好兴奋
外卖草
诈骗团伙
救命啊啊啊啊啊啊啊好娇好娇
666
wocwoc好娇
泪目
啊啊啊啊啊我靠
kdlkdl
哈哈哈哈哈哈哈哈
泪目
哇啊啊啊啊啊茄哥绝了！！！！
泪目
牛逼
啊啊啊好可爱
百大是假的
欺诈大师
泪目
哈哈哈哈哈哈
正片开始
不对劲
好娇
泪目
升华主题
@符华
紧跟时事
泪目
好家伙大型诈骗集团
nb
我冲一万次！！！！
给爷骂！！（请求）
泪目
啊啊啊啊我死了wwww
！！太牛了
所以说每期都被骗是吗
蕾姆
前方高能
救命
这个啊怎么可以这么娇我没了呃啊啊啊啊啊
啊啊啊啊啊啊啊啊啊绝了阿阿阿阿阿阿切切我爱你啊啊啊啊
紧跟时事
升华！
合影有问题
升华主题
正片开始
欺诈大师
泪目
主题生花
泪目
泪目
你好爱他
泪目
泪目
草
外卖?
泪目
茄哥牛啤！
泪目
行骗天下
泪目
可爱
卧槽
你骂人怎么那么好听ᶘ ᵒᴥᵒᶅ
成本
666
泪目
行骗天下
泪目
茄帝牛逼！！！
卧槽
老番茄np
欺骗大师
泪目
什么？百慕大是假的？
泪目
啊啊啊啊啊啊啊啊啊好可爱
泪目
hhhhhhhhhhhhhhhhhh
百慕大原来是假的
泪目
泪目
蕾慕
泪目
所以为什么两个人第一次见就有那么大一张合照？
55分钟！！！！！！
啊啊啊啊啊啊啊啊啊好苏
泪目
泪目
升华主题
牛牛牛
泪目
泪目
好家伙
好家伙
泪目
我就喜欢麦扣
泪目
泪目
吸血鬼遍地都是啊
唐突恶臭
超能力和五官有关那俩老头是不是吸血鬼
好家伙
泪目
泪目
洋柿子666
磕到了
啊~~我靠~~~~~~~~~~~~~~~~~~~~~~~~~~~~~~~~~~~~~~~
前方配音高能
悬疑片
太牛了！
泪目
泪目
你 好 奶 呀～～～～～
泪目
茄哥yyds！
好家伙
泪目
本期关键词:“吸血鬼
哈哈哈哈哈哈哈哈哈哈或或
好家伙
切切太牛了
啊啊
泪目
哈哈哈哈哈哈哈哈哈哈哈哈
泪目
泪目
好家伙
牛牛牛
茄茄牛牛牛！
泪目
泪目
泪目
泪目
泪目
泪目
茄 老师别这样 
泪目
泪目泪目
升华主题
泪目
行骗天下
茄茄你怎么这么可爱啊
卧槽卧槽诈骗集团
草好可爱
原来我才是那个傻大人
提高防弹意识
配音牛啊！
升华
正片开始
好家伙！
反转牛的
配得好有感觉
牛
番茄汁打出来哈哈哈哈
正片开始
泪目
泪目
泪目
泪目
开头不是吸血鬼吗
好可爱
啊啊啊啊啊茄的声音好娇啊
啊啊啊啊啊啊啊啊啊啊啊啊啊啊啊啊啊
学到了学到了
泪目
好家伙
我死了我死了我死了我死了我死了
泪目！！！！
泪目
大欺诈师！！！
收藏！
泪目
哇哦
有魔法哇
泪目
！我靠！
没开三度
我可以
离巢的幼鸟，别轻易落脚，他们要的，只是你的羽毛
泪目
泪目
woc
有那味了
正片开始
6啊
啊？什么？百慕大是假的！？
升华主题
泪目
哇
外卖哈哈哈哈哈
泪目
泪目
救命啊好可爱
泪目
泪目
淚目
泪目
念    秧
牛牛牛
欺诈师o
泪目
我悟了
泪目
祝警长和小王百年好合
泪目
泪目
？？？草？
蕾姆
不在一起很难收场
正片開始！
急 转 直 下
我——靠——
警惕电话诈骗
确实
魔法世界你给我讲科学
罗老师别这样
泪目
救命这个我靠太娇了我反复听
哥！我去复旦……一楼的厕所工作去了！
前方开大音量！快！
泪目
好娇！！！！！！！！！
nb
怎么突然都有人了？！！！！
泪目
正片开始
吸血鬼能骗到你们那是对你们很了解咯
泪目
番茄牛牛牛！
泪目
我可以啊啊啊啊啊啊啊
小王好有钱
好家伙
泪目
大欺诈师！
啊啊啊啊啊啊这声太绝了！！！
泪目
大诈欺师
大欺诈师哈哈
泪目
泪目
欺诈大师
靠~~~~~
泪目
冲这个我靠投币了
真爱啊
泪目
泪目
我靠！！！！！！！！！！！
牛牛牛
我去绝了哇啊啊啊啊啊啊啊啊啊啊啊啊啊啊啊啊啊啊
泪目
泪目
这能不点赞能不收藏能没有币吗！？！!!!!!!!!!!!!!!!!!!!!!!
外卖 老番茄 哈哈哈哈哈哈哈哈哈
外卖？？？
。
牛牛牛！
哈哈哈哈哈哈哈
泪目
牛牛牛牛牛牛
太牛逼了我靠
全员恶玉
狼外婆的故事是狼装成外婆，不是狼吃掉外婆呀
哈哈哈好可爱啊
番茄好会叫！！再多叫点！！
13：26
警惕符华新型诈骗
泪目
泪目
23333
泪目
泪目
茄娇娇哦哦哦哦哦哦噢噢噢哦哦噢噢（哭泣）
袜升华主题
诸位我又可以了
泪目
泪目
泪目
升华主旨
泪目
学到了
泪目
正片开始！！！！！！！！
泪目
进度条反复横跳
整篇开始
泪目
411
woc
两个小时
乐了
泪目
饭否？声大
好家伙
戴尔菲里德尔行为
袜！牛牛牛！
家当呢
泪目
全员演员
大欺诈师
已经到了
 泪目
@符华
泪目泪目
大欺诈师
泪目
茄茄太可爱了这声音！！
泪目
泪目
14.7万了加油啊，兄弟们
升华主题
行骗天下
这个我靠我可以！！！
泪目！！！！
好可爱呜呜呜
泪目
3个小时15.5wamm
已经15万了，嘻嘻
瞧不起谁呢？
全员恶人
泪目
啊啊啊啊啊啊啊啊啊啊
泪目
两小时15w赞，番茄nb
泪目
蕾姆
3小时
泪目
升华主旨
茄茄——
泪目
泪目
进度条不对劲
泪目
笑死我了
他好爱你，你也好爱他
好家伙！！！！
我靠这个反转，惊了！！！
别这样哈哈哈哈哈哈哈哈
666
第三遍
泪目
第四遍
这段好可爱吖!!!!
泪目
泪目
危
泪目
升华
好家伙
记住这句话
泪目
好家伙
新概念相信科学
泪目
16.2万了
泪目
泪目
泪目
泪目
欸欸欸别打了罗老师别打了
泪目
这个我靠好可爱……
4集挖了4个坑，到现在一个也没填
泪目
泪目
NB
承包切切的“我靠”
大欺诈师
泪目
我靠，好涩
格局
记得好像是书虫里的那个故事，男主穿越到了过去被绑起来要烧死，正好遇到了日全食于是说自己偷走了他们的太阳，就被释放了
哈哈哈哈哈哈哈哈
泪目
泪目
泪目
泪目
泪目
目泪
泪目
雷姆
泪目
nb！
泪目
正片开始
牛的一批
前方高能
切切我爱你
升华主题
番茄NB！！！！！！
升华主题
泪目
泪目
泪目
好家伙
泪目
泪目
进度条诚不欺我
泪目
泪目
好家伙
点赞17.4万！！
确实
我靠
哇这段麦扣和小王对话处理好棒
好牛
泪目
升 华 主 题
识宝直呼内行
泪目
泪目
好家伙
我靠
升华主题！
泪目！
啊啊啊啊
wc
泪目
泪目
哈哈哈哈哈哈
再来一遍
牛逼！
如果这都不算爱
泪目
泪目
牛逼
牛牛牛
我靠！！！
泪目
泪目
这就是爱吧
泪目
泪目
可恶，我们也没想到
你再骂！！！（恳求
太牛了
到了，快更新下一集
我好像知道这游戏本身讲什么故事
泪目
升华主旨
正片开始
笑飞我
泪目
好家伙
泪目
泪目
泪目
泪目
序列0错误
所以说万一小王答应成为第37任家主会怎么样？
泪目
行骗天下
难道是Alpha和Alpha的恋情
切切牛逼！
我靠～～～～～
泪目
泪目泪目
蕾姆
泪目
正片开始
泪目
泪目
欢迎回来
好……好可爱！！
泪目
woow
小王很愛警長
可以更新下一集了!!!!!
泪目
泪目
大欺诈师
NB!
泪目
等下，那如果他真当了家主呢
一哥NB
泪目
泪目
哈哈哈哈哈哈哈哈哈哈
我靠 我死了
泪目
那照片是咋回事儿？
有一个问题他存款带回来了吗
泪目
泪目泪目
0
泪目
三连
不快乐才是最累的
泪目
把慕字去掉
泪目
泪目
泪目
天球交汇来的
汩日
泪目
卧槽
复旦之光
好家伙
求你多骂我几句
泪目
泪目
老番茄NB！！
红红火火恍恍惚惚
好臭啊这个番茄怎么这样臭（bushi）
泪目
升华主题
泪目
 太可爱了切切
泪目
升华主题
666
泪目
泪目
雇佣兵？小王以前有这设定？
泪目
俺爱这句我靠啊啊啊啊啊啊！！！
我可以！！！
泪目
泪目
你说对吧？小识
泪目
泪目
鬼知道我听了多少遍
泪目
泪目
泪目
欢迎回来
你再骂！（恳求
泪目
我靠
泪目
如果小王当“家主”，那么跟死也沾上边了
泪目
hso
升华主题无敌！！！
泪目
啊啊啊啊啊啊好娇
泪目
哈哈哈，大欺诈师那味了
太牛了
泪目
升华主题
啊啊啊啊啊啊啊啊啊！！茄茄这一声好好听哇
泪目
卧槽！！
我可以
老番茄NB！！
泪目
升华主题
升华主题
哇头皮发麻了都
卧槽
泪目
茄老师别这样
外卖：老番茄
看不起谁呢
外卖可还行
泪目
牛逼
茄茄！！！！太可爱了！！！！
前方高能
前方高能
啊啊啊啊好娇好酥
这么可爱的吗
泪目
泪目泪目
泪目
泪目
泪目
ohhhhhhhhhh神反转
泪目
正 片 开 始
鸡皮疙瘩起来了
哈哈哈哈哈哈哈哈哈哈哈哈哈哈哈哈哈哈哈
行骗天下！！
泪目
大反转
所谓的魔鬼三角一般是指百慕大、迈阿密和波多黎各首府圣胡安连成的三角形区域。传说中，这个地区灵异事件频发，无论是飞机还是轮船，一进来就凶多吉少。
666
有说法认为，百慕大魔鬼三角存在时空隧道，会把飞机传送到陌生的世界，而乘客也就此“人间蒸发”。还有的人甚至把魔鬼三角和亚特兰蒂斯神话，或是外星人联系起来，猜测那些失踪人口是被神秘势力捉走了。
外卖哈哈哈哈哈哈哈哈哈
泪目
老番茄NB
泪目
反复聆听那句我靠
番茄牛壁
泪目
好家伙
泪目
泪目
？？？？
番茄娇娇！
泪目
23.7了哈，快更新
哈哈哈哈哈哈
厉害
ohhhhhhhhhhh
泪目
泪目
这个诈骗相关的做得好好！！！
喜欢这个声音！
23.9万赞了，快更新
哈哈哈哈哈哈哈哈哈哈哈哈哈哈
正片开始
泪目
突然恶臭
泪目
啊啊啊啊啊啊啊好娇啊！
大欺诈师hhhh
泪目
主题升华了
24W了
行骗天下
泪目
《狼 外 婆》
泪目
泪目
泪目
1.4万的朋友们大家好，县
这个“我～靠～”我可以！
百大是假的？？？？？dO9e
这不会是伏笔吧
牛牛牛
？？？？、
泪目
666666
泪目
泪目
啊啊啊啊啊啊我可以
泪目
！！！！！！！！！
好好听！
我直呼好家伙，牛的啊牛的
泪目
呜呜呜呜你再骂（恳求）
开始了
升华！！
啊啊啊啊啊啊啊啊啊啊啊啊
泪目
泪目
磕到了！！！！
一顿多少波浪号啊
泪目
绝反转
害，也就磕拉了
泪目
牛！
泪目
泪目
升华主题
泪目
早就15W赞了，不用点了
泪目
好家伙哈哈哈哈哈哈
好家伙这波太刺激了
我靠
泪目
泪目
故事仍在继续！
太强了
好帅！
泪目
牛牛牛
泪目
升华主题
哇！！切切这句绝了！！！
切切yyds！
啊啊啊啊好可爱
泪目
泪目
泪目
泪目
泪目了
泪目
泪目
不·聪·明
这个女的在为吸血鬼管理员开party的时候不是出镜了吗
好可爱!!!!我可以!
正片开始
升华主题
卧槽卧槽卧槽卧槽老番茄牛逼
好家伙
泪目
我靠！
泪目
茄哥永远的神！！！！茄吹骄傲
泪目
好娇啊啊啊啊！！！！
没事，也就重复了不知道多少遍
泪目
你再骂(恳求）
泪目
阿茄！！！！好爱你！！！的作品！！！！太好看啦！！！
牛！！
深藏不露
茄茄好会骂呜呜呜呜呜呜
太牛了
泪目
符华上仙来电（电信诈骗）
啊啊啊啊啊啊啊啊啊啊啊啊
啊啊啊啊啊啊啊可爱爆了
泪目
好听 多靠
呜呜呜求更血书！！！
嗑死了
泪目
AA，一对尖
卧槽
泪目
泪目
哈哈哈哈哈
防骗短片
泪目
诈骗师！
DIO：你为什么不相信？
泪目
泪目
/4
泪目
泪目
泪目
升华主题
外卖
格局大了
泪目
泪目
泪目
太强了啊啊啊啊啊啊啊啊啊啊啊啊啊啊
诈欺大师！！！
1w英镑？？？！！！（7w多¥）
《确实》
泪目
泪目
啊啊啊啊啊啊啊
幸好，如果小王当家主，这家族估计就没了
泪目
泪目
所以这期视频并不是有关那个有密谋的神秘组织而是一个小日常？
好家伙
我靠
老番茄NB
泪目
泪目
牛啊
泪目
牛
我靠
卧槽
正片开始
外卖 老番茄
泪目
我不傻
太牛了hhh我直接瞳孔放大
@识宝
我死了這個wk我死了我死了我死了老婆你好會喊我死了。。。。。
阿蒙nb
你再骂（请求）
泪目
泪目
牛牛牛 升华了
心脏骤停
泪目
泪目 
冲
正片开始
危
我靠茄帝牛逼
哈哈哈哈哈。
哈哈哈哈哈哈哈
泪目
靠子茄茄你好会叫！！！！！
好家伙
啊啊啊啊啊啊啊啊啊啊啊啊啊啊啊啊啊救命我不行了好娇好可爱
呜呜呜老婆！！
行骗天下
大欺诈师
啊啊啊啊啊啊啊啊，啊啊。
请务必多骂我几声（恳求）
泪目
但是照片怎么解释
前方高能！
泪日
救命我好可！！！！反复听ing
？
哈哈哈哈哈
？！
泪目
泪目
茄茄太牛了！
泪目
！！！！
一招瞒天过海啊
泪目
哈哈哈哈哈哈哈哈
泪目
泪目
泪目
泪目
泪目
泪目
 啊阿啊
泪目
卧槽
泪目
泪目
这个我靠。。。
泪目
泪目
泪目
泪目
学到了学到了
阿巴阿巴
行骗天下
大欺诈师的第一个故事哎
这也不是警长的钱呀，为了小王来一个，我靠
泪目
泪目
声音...好可爱...
哈哈哈哈
泪目
哈哈哈哈
升华主题
升华主题
泪目
woc
泪目
我骂我自己
泪目
泪目
好娇的切切
泪目
我靠~~~嗷~~！！
泪目
泪目
泪目
泪目
史上最强诈骗团伙
泪目
泪目
我炸开了这我靠！！！！
泪目
泪目
泪日
我靠～
泪目
泪目
再来亿遍
泪目
啊啊啊啊啊啊啊啊啊啊啊啊啊啊啊啊啊啊啊啊啊啊啊啊啊啊啊啊啊啊
升华主题
泪目
泪目
嘶
泪目
好家伙
哈哈哈哈哈哈
我没了我没了
泪目
泪目
泪目
泪目
泪目
来了
泪目
.
泪目
泪目
泪目
泪目
泪目
泪目
泪目
31万了
卧槽牛逼
茄老师别这样茄老师
雷姆
泪目
泪目
磕到了
泪目
牛
泪目泪目泪目泪目泪目泪目泪目泪目泪目泪目泪目泪目泪目泪目泪目泪目泪目泪目泪目泪目泪目泪目泪目泪目泪目泪目泪目泪目泪目泪目泪目泪目泪目泪目泪目泪目泪目泪目泪目泪目泪目泪目
32
前方高能
太可爱了！
泪目
卧槽
好可爱啊～
鸡皮疙瘩起来了
泪目
升华主题
泪目
泪目
好可爱救命我超可以
泪目
猝不及防
泪目
泪目
泪目
泪目
喜
番茄！nb！
类目
正片
泪目
哈哈哈什么东西
5000+在看
泪目
泪目
最佳出价
泪目
泪目
《染黑》
大欺诈师内味有了
“吸血鬼”说他们也可以喝水喝水懂了吧
那什么小王箱子里。。。不会全没了吧
好可，安可啊~
泪目
泪目
那为什么麦扣认的出养老院的老人
泪目
正片开始
泪目
！！！我靠！！！
正片开始
感谢切切
鬼知道我听了几遍了
这一声可以的！！
泪目
0.5倍速涩裂开了铁汁们
泪目
牛的
可爱死了
泪目
泪目——————————————————————————————————————————————————————————————————————————————————————————————————
啊啊啊啊啊啊啊啊啊啊啊啊啊啊啊呜啊
好可爱呀啊啊啊
这反转好极限哈哈哈
时光代理人结局
泪目
泪目
泪目
泪目
外卖哈哈哈哈哈哈
哈哈哈好可爱
泪目
泪目
哈哈哈哈哈哈哈哈
配音太棒了！
剧情绝啊
泪目
升华主题
泪目
泪目
好臭的番茄（bushi）
升华主旨
泪目
泪目
升华主题
泪目
快收藏啊啊啊我还想看下一集嘤嘤嘤
泪目
太可爱了！！！！！！
泪目
泪目
泪目
好家伙
哈哈哈哈哈升华主题
泪目
泪目
泪目
泪目
啊这，今天姬子给我打电话了
泪目
科学~神棍~融合！
全是吸血鬼？
好可爱哈哈
良医乱入（doge）
ohhhhhhhh
泪目
泪目
卧槽
牛牛牛
便秘了？？？
我的天
升华主题
好病娇我好爱
正片
大局
茄哥牛啊
反诈骗视频
懂了，科学禁书目录
泪目
小识：这个我懂
啊啊啊啊这个声音我死了
@识之律者（doge）
泪目
升华主题！！！
正片开始
泪目
泪目
泪目
@韩道英
升华主题！
泪目
泪目
2000+正在观看
35万了
我悟了
泪目
泪目
泪目
泪目 
35w！
泪目
茄哥牛牛牛！
woc高啊鸡皮疙瘩都起来了！
惊天魔盗团
牛牛牛牛牛牛牛！！！！！
泪目
35.5万了
？哈哈哈
嗑拉了
woc
－1000
泪目
外卖？？
我靠
好家伙，警察
泪目
泪目
牛皮
切切的愤怒已经感受到了
yyds
唉？？？
臭♂茄茄
钱没了！
泪目
泪目
诈骗代师
泪目
课
泪目
卧槽这个我靠好娇我靠~~~~~嗷·！
靠 建议0.5倍使用兄弟们涩疯了
我靠…
泪目
泪目。
诈  骗  团  伙。
绝了绝了绝了！
泪目
番茄好牛好牛！啊啊啊啊
泪目
泪目
泪目
泪目
泪目
百慕大还真是假的
泪目
我不行了
我……靠
我靠～～～～太可恶了怎么发出这种声音！！！
好家伙！
Rick astley（
泪目
泪目
娇娇
泪日
泪目
NB！！！
老大！伽利略系统被破坏的罪魁祸首找到了！！！（doge）
泪目
反转
好 好娇...
这声音牛啊
泪目
NB'
泪泪
泪目
泪目
泪目
泪目
大欺诈师
泪目
狼外婆！
老 番 茄 喘 给 你 听
已经双倍了，快更
泪目
泪目
哈哈哈哈哈哈
但是警长的假期泡汤了
卧槽老番茄真的太牛了
哈哈哈哈哈哈哈哈哈
泪目
泪目
泪目
泪目
好甜是怎么回事
泪目
泪目
泪目
正片开始
二级反转
“骗鬼”’
泪目
@我是江无情
百慕大是假的吗？？？？震惊
泪目
你币有了
好可爱呀
刺激
正片开始
警长：凑合过呗，还能离咋的
你再骂（恳求
泪目
泪目
泪目
泪目
泪目
泪目
正片开始
升华主题
泪目
泪目
泪目
泪目
卧槽卧槽卧槽
升华主题
泪目
声音太苏了反复播放
泪目
结尾必主题升华
目泪
泪目
泪目
+63
泪目
泪目
？？？？？？？
大欺诈师
泪目
卧槽
牛逼啊！
敲这个声音太绝了
补综艺
泪目
别啊罗老师别啊
泪目
泪目
啊啊啊啊啊啊啊啊啊卧槽
前方高能
牛
正片开始
泪目
泪目
升华主题
泪目
泪目
泪目
泪目
哈哈哈哈哈哈哈哈哈
救命！！娇娇茄
升华主题
泪目
百慕大假的？
这尾音，爱了爱了
好娇娇啊
识宝：这个我熟
泪目
泪目
xswl
泪目
泪目
行骗天下
正片开始
泪目
我的妈呀老番茄牛壁
泪目
泪目
泪目
泪目
泪目
泪目
泪目
哇哇哇牛牛牛
泪目
泪目
泪目！
泪目
好A啊啊
首尾呼应
泪目
泪目
泪目
升华主题 切切牛逼
啊啊啊太娇了吧！
主题升华
升华主题
我靠
泪目泪目泪目泪目
泪目
泪目
四十万了
我感觉老番茄真的好愤怒哈哈哈哈哈
茄茄开始了！～
泪目
牛
升华主题
泪目
泪目
泪目
泪目
kou no dio 哒！
泪目
《只有傻子才会被骗》
这就是爱
啊啊啊救命这个声音撩死我了！
泪目
泪目
泪目
泪目
泪目
泪目
茄皇NB！
泪目
泪目
不愧是茄哥！牛
泪目
识宝：亲身案例（doge）
泪目
泪目
泪目
谨防电话诈骗，即使是亲妈也要防。@识宝
所以那幅小王和奶奶的画是伪造的，但是对方不知道小王从小就没见过奶奶？
泪目
泪目
泪目
起飞
《 傻 子 才 被 骗 呢 》
卧槽绝了
正片开始
泪目
泪目
牛的
切切绝了！！！！！！！！！！！！
泪目
泪目
这个声音啊啊啊
我烤！
磕到了
泪目
泪目
哈哈哈
40万了
泪目
《只有傻子才被骗》
泪目
噢～～～～～～～～～～～～～～～～～～～～～～～～～～～～～～～～～
卧槽
正片开始
kdl
配音好牛
卧槽，太好听了吧
天知道我听了多少遍
泪目
哈哈哈哈哈哈哈哈哈哈哈
泪目
泪目
前方高能
啊啊啊啊啊啊啊
啊啊啊啊啊
飞孩子了
啊可恶老番茄你在犯罪这样不合适
泪目
牛壁
泪目
泪目
啊正片开始！
升华主题！提防诈骗电话！
泪目
泪目
泪目泪半截
一个人太牛，
哦这个声音
牛逼
nb
外卖：老番茄
外卖老番茄
666
所以说那么多个里世界呢？
嗷♂
我死了啊啊啊啊啊啊
泪目
41.9w了快更
卧槽
泪目
泪目
泪目
泪目
泪目
磕死我了
泪目
牛壁啊
！
泪目
泪目
好牛
太娇了吧 茄茄
泪目
泪目
就离谱
泪目
哇靠！！！！
泪目
正片开始
我出不去了！！！！
泪目
泪目
响了十二秒的电话我没有接
国家反诈APP
泪流满面
牛
泪目
卧槽这个声音
泪目
泪目
kswl
泪目
泪目
泪目
更新啊
鸡皮疙瘩
很可爱！！！！！
泪目
茄帝帝！！！
汩目
啊，卧槽声音好好听
哈哈哈哈哈哈
泪目
泪目
泪目
泪目
哈哈哈
哈哈哈
泪目了
泪目
诈骗团伙的幸运，看到日全食
泪目
666
泪目
泪目
泪目
百慕大，全球人最多的旅游地之一
泪目
泪目
牛
十个泪目九个笑
泪目
泪目
泪目
泪目
救命太可爱了
《保管》
牛逼
泪目
反转
泪目
《相亲网站》
泪目
泪目
哈哈哈哈哈哈哈哈哈哈哈哈哈哈哈哈哈哈哈哈哈哈哈
泪目
泪目
卧槽
大  欺  诈  师
果断收藏
泪目
666666
泪目
泪目
泪目
收回泪目
泪目
好家伙好家伙
泪目
泪目
泪目
泪目
百幕大是作家编的
蕾姆
哇这是怎么做到的，这个‘我靠’好听
泪目
....................................................................................................
泪目
泪目
泪目
泪目
《只有傻子才被骗》
泪目
泪目
我靠～～～～
泪目
泪目
泪目
泪目
茄茄yyds！！
心脏骤停
泪目
泪目
泪目
泪目
心脏骤停
泪目
已经靠到了啊啊啊啊啊啊
撒花吗？
泪目
泪目
泪目
泪目
类目
正片开始
张三
泪目
woc
好家伙
泪目
卧槽
我靠儿啊阿啊
老番茄牛逼
泪目
好的，我知道了，谢谢
泪目
泪目
泪目
终极反转，牛逼，我踏马瞳孔放大
瞒天过海
心脏暂定
泪目
两极反转
泪目
泪目
双A！好耶！（bushi
泪目
泪目
泪目
升华主题
45了
泪目
泪目
泪目
这个翻转好牛
草是一种植物
泪目
kdlkdlkdlkdl
祝贺这对新人！
娇娇
类目
泪目
前方高能
 泪目
我靠，好听
泪目
泪目
生化主题
只想要在烟火下闭着眼
泪目
泪目
泪目
泪目
牛蛙
妙啊
泪目
雷姆
泪目
三句话让小王被骗了一千万刀了
三句话让小王被骗了一千万刀了
泪目
所以你俩就去双人旅游了？
科学意识要有
泪目
泪目
欺诈大师
泪目
奇巧计程车我去
！！！！！！
泪目
泪目
怪不得这些超能力都这么离谱
泪目
泪目
泪目
泪目
泪目
泪目
行骗天下
卧槽太强了
耿直人小王
老番茄：反正坑的不是我
《只有傻子才会被骗》
哈哈哈哈
泪目
泪目
离谱
哈哈哈
泪目
泪目
泪目
泪目
泪目
泪目
牛批
正片开始
詐欺師
鬼知道这句“我靠～～～～我听了多少遍
泪目
泪目
wc
泪目
泪目
复旦之光
升华！
啊啊啊啊啊啊啊啊啊啊啊这
泪目
再听亿遍
泪目
泪目
反转！！！！
泪目
蕾姆
泪目
↑草，害怕，心肺骤停
太强了
泪目
泪目
泪目
泪目
泪目。
泪目
好可爱！！
泪目
泪目
小王竟是我自己！
升华主题
泪目
泪目
百慕大是旅游景点啊，哈哈哈哈哈哈
好家伙
错误
泪目
好可爱！！！
泪目
好家伙
哇这一声绝了
泪目
泪目
有心脏骤停那味了
泪目
泪目
这时候镜象才热血
泪目
泪目
泪目
！！！！表白切切
泪目
卧槽
泪目
好家伙
泪目
泪目
泪目
泪目
泪目
泪目
泪目
泪目
泪目
泪目
泪目
喜喜
泪目
泪目
老番茄6666
泪目
泪目
Never gonna give you up～
泪目
我密恐犯了
泪目
哈哈哈哈哈哈哈哈哈啊哈哈哈哈
泪目
泪目
泪目
泪目泪目泪目泪目
泪目泪目泪目泪目
泪目泪目泪目泪目
泪目泪目泪目泪目
泪目
泪目！
泪目
好甜
罗老师，别这样，罗老师
泪目
哈哈哈哈哈
泪目
泪目
泪目
真的泪目
嘶
当你们在泪目的时候，我注意到“我A你个头吗我A
泪目
泪目
升华主题
泪目
茄茄好可爱啊啊啊啊啊
泪目
泪目
偷得又不是你的你为什么那么激动（）
泪目
！！牛蛙
6
|
兄弟们把公屏版的泪目上 
泪目
泪目
泪目
泪目
泪目
泪目
茄哥牛壁啊
三句话让nans
wc
哈哈哈上一秒还在说傻子才被骗
好听！！！
泪目
所以要是小王继承了会怎么样？
响了十二秒的电话我没有接
泪目
泪目
！！！！！！！！！！！！！！！！！！！！！！！！！！！！！！！！！！！！！！！！！！！！！！！！！！！！！！！！！！！！！！！！！！！
泪目
类目
泪目
泪目
泪目
牛逼
泪目
外卖？
泪目
泪目
啊啊啊啊啊啊啊啊啊啊啊啊
啊啊啊啊啊啊切切太绝了啊啊啊啊
泪目
泪目
真的好娇啊啊啊啊啊0.5倍速
番茄娇娇！！！！！！！
泪目
还有一集
啊啊我没了啊
请收下我的膝盖
泪目
泪目
59万了
泪目
泪目
泪目
l泪目·
泪目
好好听
蕾姆
心脏骤停
泪目
泪目
泪目
真爱了
好家伙
升华主题！
我抄
茄老师别这样，别这样，茄老师
你好爱他
靠
《只有傻子才会被骗》
歡 迎 回 來
我好爱茄茄这个声音
kswl
谁能被国际诈骗团伙骗呀
主旨升华
《傻子》
好可爱
那个金腰带不要我要
下载国家反诈骗片
结尾升华
啊啊啊切切这个我靠太绝了吧啊啊啊
对，百慕大三角只是一群飞机无法bianpeii
11111111
日全食时间这么长的吗
下载国家反诈中心app
莫名感觉好可爱
泪目
这声“我靠”真的是配的太真实了
我k大反转
泪目
.
泪目
爆喜欢这个我靠！！！！！！
点赞已经降级到15w了么……
这剧情妙啊—————————————————
o
建议下载国家反诈中心app
+
kdl
茄茄声音真的太好听了啊啊啊
泪目
泪目
主题升华
？？
泪目
好可爱啊哈哈哈哈哈哈哈哈哈
快下载反诈app！！！
鬼知道这句我靠听了多少遍
只有傻子才会被骗。
泪目
正片开始
哈哈哈哈
泪目
呵
似李！管家侠阿福！
救命，好涩！！！！！（我承认我不对劲但是警长真的好涩嘿嘿嘿嘿嘿嘿嘿嘿嘿）
泪目
泪目
老婆
泪目
好家伙
啊啊啊啊啊啊茄茄怎么可以这么可爱
相信科学
泪目
泪目
小王从没晒过太阳
开始吟唱
国家反诈中心了解一下
戴安娜：好的我们现在看到的是日全食！！！！
好想撅（喜）
泪目了
内目
切切！！！！！！！！！！！！！！！和我结婚！！！！！！！！！！
泪目
 泪目！
啊啊啊很好听
@识之律者
警长不是A ！！！说明他是O
局 诈里有一个很像的
0.5倍速！！！！！！
啊啊啊啊啊这个叫啊啊啊啊
升华
泪目了，快和麦扣结婚！！！！！（）
泪目
这一声太娇了啊啊啊啊啊啊啊啊
正片开始
茄太可爱
注：世界上没有吸血鬼 只有吸水鬼
为什么你可以这么娇啊！！！！！！
泪目
《情同夫妻的亲父子》
《情同父子的亲夫妻》
预言钱可能没了
每次主题升华肯定有反转
《只有傻瓜才会被骗》
泪目
正片开始
泪目
b. ngdg7-\6u79op\';jgr4f 价格风险的温柔是冲锋枪有【】4n
泪目
""
