哈哈哈哈哈哈
刚刚！
来了来了
哈哈哈哈哈
略略略
来了来了
哈哈哈哈
哈哈哈哈真实
都没有弹幕
？我第一个
太真实了
真实
来早了
嘿嘿
长大后变成我们讨厌的人
哈哈哈哈哈哈哈哈哈哈
热烈祝贺papi女士要当妈妈了！
表白裙裙
我奶奶跟我妈会骂我 但奶奶不会骂弟弟
憨憨哈哈哈
第一次这么早
恭喜！
太真实了
哇！！！恭喜！！！
哈哈哈哈哈
恭喜恭喜啊
这就有点溺爱了
遗传你爸真实
哇！
无比真实
恭喜恭喜
妈妈好可怜哈哈哈
哈哈哈哈哈哈哈哈没人！！我的！
哈哈哈哈，我不记得了
恭喜！！！
哈哈哈哈
这叫隔代亲
恭喜papi当妈妈啦啊啊啊啊啊
无中生友
哈哈哈
哈哈哈哈哈哈哈什么态度太真实了！！！
恭喜！！！！
提前真实
真实，那次之后我就不考第一偏偏第二
哈哈哈哈哈哈哈
哈哈哈哈哈哈
..
恭喜恭喜
真实
嗯，一心三用
恭喜papi！！
恭喜！！！
哇好气哦哈哈哈哈哈
泪目！看了这么多年的姜阿姨有宝宝了
哇，恭喜papi！！
哭了
恭喜恭喜！
朋友
哭了太真实了
？？？？？
薛定谔的记忆
Papi 怀孕了啊
并不好
哈哈哈哈哈
恭喜恭喜！！！！！！
恭喜恭喜！有小papa和小pipi了
 所以不能住一起
恭喜恭喜当妈妈啦
恭喜papi！！！！！
恭喜啦！！！！！
恭喜恭喜
啊啊啊恭喜！
天啦！！！！
恭喜papi啦！
真实
前面不变的背心哈哈哈哈哈哈哈哈真的
恭喜
给她买 给她买
这样溺爱会出事的
恭喜恭喜啦
恭喜恭喜
恭喜鸭鸭鸭
真实
恭喜恭喜
哈哈哈哈，有一亿个理由diss你
恭喜呀
好委屈，哈哈哈哈哈哈哈哈
真实
我pa官宣视频弹幕必须有排面
小咪的手机壳
真实真实
这点不一样 我家老人也不准孩子玩手机
恭喜
恭喜！！！
啊啊啊啊啊啊恭喜
哈哈哈哈哈哈恭喜恭喜！
我寻思着 papi小时候就可以边看电视边吃饭了  
恭喜恭喜
恭喜呀哈哈哈
太真实了。。。
恭喜恭喜恭喜！！！
无中生友？
恭喜！！！
无中生友
溺爱不行的啊
这特么能是八岁？
隔代亲实锤
想到了我弟弟
恭喜恭喜
还好我都是倒数
恭喜
恭喜恭喜
恭喜啊啊啊啊啊
和我妈一模一样
空瓶空瓶
恭喜
感觉裙裙有点傻傻的
我爸妈始终如一，对孙子们都很严厉23333
神童
感觉裙裙有点傻傻的
隔代不亲  所以讲话委婉
一边吃晚饭一边看papi酱
恭喜！
恭喜啊
贺喜老胡
哈哈哈哈哈哈哈哈哈哈哈哈哈哈哈哈哈哈哈哈哈哈哈哈哈哈哈哈哈哈哈哈哈哈哈
前方高能
呵呵，前天就因为这个跟我妈大吵一架
哈哈哈哈哈哈哈哈哈哈哈哈哈
恭喜恭喜～
恭喜恭喜
恭喜啊啊啊啊啊啊啊
恭喜恭喜
真实2333
恭喜啊！！！
哈哈哈哈哈哈哈哈哈
鼓掌鼓掌恭喜恭喜
这种老人太可怕
恭喜恭喜！！
太真实了
恭喜
真实
珍惜空屏！
太真实了吧
恭喜姜阿姨！！
恭喜恭喜
恭喜恭喜啊！
恭喜恭喜
哈哈
恭喜papi！！！
哈哈哈哈哈哈哈
恭喜！！！
。。。。
恭喜恭喜啊啊啊啊啊啊
哈哈哈哈哈哈哈哈哈哈哈哈
恭喜!!
恭喜papi！！！
恭喜恭喜
简直是我妈本妈了哈哈哈哈
恭喜恭喜！
过于真实
恭喜恭喜呀
相当真实
跟我妈一模一样啊啊啊
没错
恭喜姜阿姨！！！
逐渐忘记她俩是一个人了
23333
贺喜贺喜
真实
哇，这么大一碗，不愧是我家裙
哇哇哇，恭喜，恭喜啊
恭喜恭喜恭喜恭喜恭喜
恭喜恭喜
恭喜papi！！好好保养身体哇！！
恭喜恭喜！
我，好气，虽然知道是演的
恭喜恭喜
这个裙裙看上去不太聪明的亚子
那就玩iPad
这位妈妈中气很足呀
恭喜恭喜！！！！
恭喜啊
papi要当妈妈了
恭喜恭喜
太真实了1551我要哭了
撒花
恭喜！
恭喜！
恭喜恭喜！！！
恭喜啊啊啊！
恭喜
裙裙好可爱啊！！！！！
开心开心
宝宝要不要叫胡英俊！
恭喜恭喜恭喜
恭喜啊
恭喜恭喜！！！！！
隔代亲
恭喜恭喜
同一个世界同一个妈
恭喜恭喜
恭喜！！
莫名同步了
恭喜恭喜啊！
恭喜恭喜
像极了我二姐和我外甥跟我妈，她们仨人哈哈哈哈
看完特地回来报喜！！！！！
我表示很开心
哈哈哈哈哈哈
恭喜小P恭喜老胡
恭喜恭喜
哈哈哈哈哈哈
爱你 papi 小帕健健康康在麻麻肚子里乖乖哦
其实外婆这也没有打脸啊因为他说的是不宠孙子这是孙女儿啊（滑稽）
恭喜呀！！！！
可是真换到我身上我会真的很生气的
恭喜恭喜
恭喜恭喜
真实
恭喜！
恭喜~~
大上海肯定有
恭喜
无中生友
我的弹幕呢
恭喜papi！！！！！
恭喜恭喜
艾玛裙裙太可爱了！想养！
真实，外婆就是这么好
恭喜恭喜
恭喜！
恭喜恭喜
裙裙好可爱啊！！！！
无中生友？
恭喜恭喜
恭喜恭喜
恭喜恭喜！！
让我们看看接下来会发生什么
工资
隔辈亲
略略略略略
恭喜ヾ ^_^♪
太真实了！
恭喜恭喜
恭喜恭喜
恭喜恭喜~
恭喜恭喜呀
哇哇哇
？？？？？？？？？
恭喜啊
我好气啊，想打人
恭喜papi！！！！！！
哈哈哈
恭喜papi
恭喜啊啊啊啊啊啊！！！
hhhhh
恭喜
恭喜！！！！！
恭喜恭喜
恭喜！！！！
hhhhh
给她买！
恭喜！
标准双标
恭喜恭喜
恭喜恭喜
恭喜恭喜
恭喜恭喜
同一个外婆
恭喜！！
恭喜恭喜
papi酱都怀孕了555好想哭
感觉papi酱牙变白了
太真实了吧
恭喜恭喜
这样的话我能让我妈一年见一次孩子
恭喜恭喜
投币随份子
真实
恭喜恭喜恭喜
恭喜恭喜
恭喜
恭喜恭喜
我想打死熊孩子
恭喜！！
上海话
恭喜恭喜！！！！～
去我奶奶家吃饭
恭喜恭喜
恭喜恭喜
我的天我怎么那么开心
恭喜！
恭喜papi和老胡！！
恭喜恭喜恭喜！
哇好像我学校校服
恭喜女神
群群真的超可爱嗷！
恭喜！！！
恭喜老胡
真实哈哈哈哈
恭喜恭喜
真实真实
恭喜恭喜！！！！！
恭喜恭喜恭喜
恭喜
恭喜papi酱
恭喜！！！
恭喜
太真实了
恭喜
恭喜恭喜
我也是这么想的
这俩妈都挺不让人省心的
哈哈哈哈哈哈哈哈哈
哈哈裙裙是假刘海吗
恭喜
恭喜恭喜
有道理
恭喜啊恭喜恭喜恭喜
恭喜恭喜
恭喜恭喜恭喜
恭喜
恭喜
恭喜
恭喜
裙裙太可爱了
恭喜
我的爷爷奶奶不是
看着有点难受。。
恭喜
恭喜啦！
？？？？？？？？
恭喜
我去
啊啊啊啊啊啊啊啊恭喜恭喜
恭喜恭喜
恭喜恭喜
好真实
恭喜papi啊！！
都恭喜了？
隔代亲
恭喜！
两个硬币以表祝贺（哇我真是大方
裙裙你是演小孩，不是演弱智！
恭喜嗷嗷嗷嗷嗷嗷嗷嗷嗷啊啊啊！！！！！
恭喜恭喜
这可开心了啊
恭喜恭喜
恭喜
恭喜papi！
真实
真实
大型双标现场
恭喜恭喜
恭喜恭喜
现在的我
给她买
恭喜恭喜
恭喜！！
恭喜呀
恭喜！
因为她在演几岁的小孩子啊！！！
恭喜papi
恭喜恭喜
恭喜恭喜
老胡的功劳
恭喜恭喜恭喜ヾ ^_^♪
恭喜恭喜
恭喜姜阿姨
？？？？？卧槽卧槽
恭喜
哈哈哈哈哈哈
所以我不要小孩
真实
不太聪明的亚子
恭喜啊
突然泪目
我一年级的时候不考一百分就是没考好
真实的一匹
恭喜恭喜
0-0
恭喜恭喜
熟悉的小猪佩奇吃饭
好呆
恭喜papi啊！！！！
恭喜~~~
恭喜恭喜
恭喜恭喜
恭喜恭喜！宝贝和妈妈一样健康漂亮啊！
恭喜！！！！！！！！！！！！
我之前脱单都没今天这么高兴唉
这个宝宝不太聪明的亚子
恭喜
恭喜！！！
谁在偷窥我的生活…
..3
恭喜恭喜
恭喜呀
恭喜恭喜
其实对小孩不能这样
QAQ画质感人
恭喜恭喜！
麻叶，我为什么笑得这么开心
哈哈哈哈哈哈哈哈哈哈哈哈哈
恭喜！！！
恭喜恭喜！！！
恭喜！！！！
恭喜恭喜
小时候99 现在70多
不太聪明＋1
恭喜恭喜
盲猜前方恰饭
老胡干的漂亮
恭喜恭喜
同是孕妇，恭喜papi
给小小pa的三连
啊啊啊啊恭喜papi！！！！！！！！！
恭喜恭喜
不太聪明的亚子
真实
恭喜
怀孕了哦，真好
恭喜恭喜
恭喜papi
恭喜恭喜！
你的童年我的童年好像都一样
迷上了papi的衣服
恭喜！！！！
恭喜恭喜
邪魅一笑
恭喜恭喜
恭喜
恭喜恭喜
恭喜papi！！！！
太可爱了
裙裙假刘海哈哈哈哈哈哈哈
哈哈哈哈哈
恭喜恭喜好开心
恭喜恭喜
恭喜你papi
恭喜PAPI！
喝脑磷脂群的奶粉笑死我了哈哈哈
野猪佩奇！！！
投币随份子
很真实了
恭喜恭喜恭喜
恭喜恭喜恭喜恭喜
裙裙好可爱
霍泥芳呢
恭喜
为什么你们母女一模一样，孙女跟你俩都不像，难怪不一样哈哈哈哈啊哈哈哈哈
恭喜
恭喜呀！！
恭喜恭喜
太真实了我太难过了
恭喜
恭喜！
真实
哈哈哈哈哈，有理有据
恭喜papi鸭！！！
恭喜恭喜
真实...
怎么大家都一样吗
握草恭喜啊！！！！
恭喜恭喜！
这个裙裙喝了窖藏10年得三鹿吗？
恭喜恭喜
恭喜恭喜恭喜恭喜！！！
哈哈哈哈哈哈
恭喜!!!!!!!!!!!!!!
恭喜恭喜
恭喜恭喜恭喜ヾ ^_^♪
说实话，不喜欢这种的
恭喜
哈哈哈哈哈哈哈哈哈
恭喜papi酱和老胡！！！小咪和大咪要有弟弟妹妹啦！！！
太真实了
诶呀呀
恭喜！
恭喜恭喜
恭喜！！
恭喜papi！！！
一毛一样！说不记得就不记得
恭喜
恭喜啊
恭喜恭喜!
哈哈哈哈哈哈
不太聪明的样子
真实！！
23333
恭喜
逻辑鬼才
恭喜！！！
恭喜
不我们家就是外婆管我。
恭喜
看得我好气哦
恭喜啊！
恭喜恭喜
恭喜恭喜呀
哈哈哈哈哈哈哈哈哈哈哈哈哈哈哈哈哈
看得好气是怎么回事……
高中英语一百？
恭喜papi呀
妈耶，一模一样
说的有道理啊！！！
恭喜恭喜沾喜气
隔代亲
哇塞，终于要做妈妈啦！老胡干得漂亮哦！大咪小咪终有有小弟啦
看得好气哈哈哈哈哈
恭喜恭喜
太真实了，我侄女就被宠惯了
恭喜papi！
无中生友
恭喜
恭喜恭喜
恭喜papi啦！
恭喜
哈哈
？？？？为什么这么有道理啊
和我姥姥一样样的
恭喜姜女士
恭喜！！
啊啊啊恭喜恭喜
恭喜啊啊啊啊
恭喜
恭喜恭喜恭喜恭喜
恭喜！！！！！
恭喜恭喜，沾沾喜气
恭喜！！！！！！啊啊啊啊啊啊啊啊啊啊啊 好激动
恭喜恭喜
恭喜恭喜啊！！！！
恭喜
恭喜恭喜
恭喜恭喜
恭喜
恭喜恭喜
恭喜恭喜
恭喜世界上最好的姜阿姨！！
真实
恭喜恭喜
这孩子怎么感觉是个痴呆？
恭喜
恭喜papi当妈妈啦
恭喜!!!!
过于真实
恭喜恭喜
哈哈哈哈
恭喜恭喜！
一毛一样
真实
恭喜
恭喜
恭喜恭喜
姜阿姨恭喜啊！！
恭喜恭喜
恭喜
恭喜恭喜恭喜恭喜恭喜恭喜恭喜恭喜
这个裙裙的长相我好喜欢
恭喜
社会社会
太真实了
恭喜！同天生日最喜欢的小姐姐
恭喜！！！
恭喜恭喜恭喜恭喜
吃完了让她自己洗碗不就行了.jpg
弹幕知道pa怀孕了莫名眼泪流下来
恭喜老胡
恭喜ww
恭喜恭喜恭喜恭喜！！！
恭喜恭喜，普天同庆！
真实
恭喜恭喜！！
恭喜恭喜
恭喜恭喜！！！！！
恭喜！！！
恭喜！
恭喜ヾ ^_^♪
裙裙好可爱
跟我奶奶说的好像啊
恭喜恭喜
恭喜恭喜
恭喜恭喜恭喜
恭喜恭喜！
天呐！！！恭喜
恭喜！！！
恭喜啊
恭喜恭喜！
变色恭喜姜阿姨！！！！！大小咪要当哥哥姐姐啦
真实
哈哈哈哈哈哈哈哈
好真实
恭喜恭喜
恭喜papi
恭喜恭喜ヾ ^_^♪
裙裙好可爱
真实
恭喜恭喜
我不记得了，不要太真实
恭喜papi！！！！！！
恭喜！
打少了还可以？？？？
不记得？！哈哈哈
真实
哈哈哈哈哈哈哈嗝
哈哈哈哈哈哈哈哈哈哈哈哈
恭喜！卧槽，我有点想哭是为什么！
恭喜papi！
无中生友
恭喜恭喜
为什么这个裙裙的嘴唇那么奇怪
恭喜ヾ ^_^♪
恭喜恭喜
恭喜！！
恭喜恭喜
恭喜
恭喜
恭喜!
哈哈哈哈哈
恭喜恭喜
恭喜恭喜
太真实了
恭喜恭喜
恭喜
恭喜恭喜
恭喜恭喜
满分150
恭喜恭喜
巨真实！
草
恭喜
恭喜
恭喜！！！！
恭喜papi
恭喜！
哈哈哈哈
你小时候有动画片吗？
恭喜恭喜
太真实了
恭喜恭喜
恭喜papi！！！！
恭喜恭喜
恭喜papi！！！
小姐姐好漂亮。。。(小声)
哈哈哈哈哈哈真实
恭喜
恭喜恭喜
真实
恭喜Papi！我为什么这么感动！
真实
恭喜恭喜恭喜恭喜恭喜
真实
恭喜！！！
恭喜papi！！！
恭喜
你说的这个朋友，是你自己吗
真实
恭喜
恭喜！！
哈哈哈哈哈哈太真实了
真实
恭喜哎
恭喜恭喜恭喜恭喜恭喜恭喜
恭喜恭喜
哇，共享papi酱
恭喜啊
恭喜恭喜恭喜
听到被气消
恭喜恭喜
恭喜
恭喜！！！！
恭喜
恭喜恭喜姜阿姨 恭喜小咪要当姐姐了
恭喜papi～
哇！期待小papi  恭喜！！！
恭喜papi升级姜妈妈~
邪魅一笑
恭喜
恭喜恭喜恭喜恭喜恭喜恭喜
恭喜恭喜
恭喜呀~
bah'h'bah'ab
恭喜恭喜！
哈哈哈哈啊哈哈
恭喜恭喜
恭喜恭喜恭喜恭喜恭喜！！！！
真实
恭喜
教育真的不推荐隔代，特别麻烦
恭喜恭喜恭喜恭喜恭喜恭喜恭喜恭喜
恭喜
恭喜
裙裙好可爱
哈哈哈哈哈哈哈哈哈哈哈哈哈哈哈哈哈哈哈哈哈哈哈哈哈
恭喜恭喜
真实
恭喜啊
恭喜papi酱
恭喜恭喜
哈红红火火恍恍惚惚
无中生友
以为满分150
恭喜papi
两小时26w赞！
是女儿哦
恭喜恭喜♥
恭喜撒花
恭喜papi
恭喜！！
恭喜恭喜
恭喜！
他/她一定会非常可爱聪明的！
哈哈哈哈哈哈
恭喜恭喜
哈哈哈
太逼真
这特么八岁？
哇哇哇！！恭喜恭喜恭喜
很真实
恭喜
闻讯前来  恭喜恭喜
恭喜姜阿姨
恭喜恭喜恭喜恭喜恭喜恭喜恭喜
恭喜
恭喜
恭喜
恭喜恭喜
恭喜!!!!!
恭喜、恭喜
恭喜
恭喜！！
恭喜！！！！！
裙裙呆呆的好可爱
恭喜！！！
恭喜
太真实了我一个小弟弟就这样看电视才能吃就宠着他
恭喜恭喜恭喜恭喜恭喜恭喜
恭喜恭喜
哈哈哈哈哈哈哈哈哈无法反驳
恭喜恭喜恭喜恭喜！！！！！
2333333
恭喜！
恭喜恭喜
哈哈哈略略略
恭喜恭喜
恭喜恭喜恭喜恭喜恭喜！！！
真实
恭喜！！！
恭喜恭喜
恭喜恭喜
真实
这种老人真是帮倒忙。
恭喜papi！！！
恭喜papala麻麻
pa酱我爱你啊啊啊啊 恭喜恭喜
啊啊啊啊啊同款校服啊！
恭喜！！！！
我都想打了
啊啊啊啊啊同款校服呐！
哈哈哈
大概是给傻子
恭喜恭喜
恭喜！！
恭喜恭喜！
恭喜恭喜
恭喜
妈呀更期待papi以后的作品了
逻辑满分
恭喜姜逸磊女士当妈了
恭喜
和我妈一模一样
恭喜帕皮！
woc我想重新投胎
恭喜恭喜恭喜
恭喜papi酱！
隔辈亲
哇靠
哈哈哈哈哈哈哈哈哈哈哈太真实了
老胡可以啊
恭喜！！！
恭喜
恭喜恭喜
恭喜你呀
啊哈哈哈哈哈哈哈哈哈哈
看了半天发现了小咪
哇
恭喜恭喜恭喜恭喜
裙裙怎么演得像个傻子一样哈哈哈
这个真实
恭喜恭喜恭喜
恭喜papi
恭喜恭喜
恭喜？！
恭喜
恭喜papi喜当妈妈
原来家长都说一样的话
恭喜ヾ ^_^♪
恭喜
专门过来b站发弹幕恭喜papi！！！
恭喜ヾ ^_^♪
哈哈哈哈真实
期待小papi或者小胡！
恭喜！！！
恭喜恭喜
恭喜papi 
恭喜恭喜
恭喜！
笑死
恭喜恭喜
恭喜恭喜！！
简直我妈同款
恭喜恭喜！
mb过于真实了
真实的可怕
投硬币随份子喽
恭喜恭喜恭喜恭喜恭喜啊
看来妈妈就是想和孩子做对
恭喜恭喜恭喜
不行太真实
papala穿校服好好看哦
恭喜
恭喜恭喜
太真实了我的天
恭喜
我靠和我一模一样，我考好了我妈说应该的我弟考好了就一顿猛夸
恭喜恭喜
哈哈哈哈哈哈哈哈哈哈哈
g恭喜恭喜恭喜！！！
恭喜恭喜
恭喜！
恭喜恭喜
恭喜恭喜
恭喜恭喜恭喜恭喜恭喜啊啊啊啊
憨憨
ojhhhhh”
恭喜恭喜
恭喜恭喜，恭喜
恭喜
恭喜
恭喜！
恭喜恭喜
镜头切换真好
恭喜恭喜恭喜恭喜
哈哈哈  恭喜  沾沾喜气  
恭喜！！！！！！！
恭喜！！！！！！！！！！！
恭喜姜女士要当妈妈了
恭喜恭喜(*^_^*)
真实
恭喜恭喜
恭喜恭喜
太真实
恭喜
恭喜啊恭喜papapipi
恭喜
恭喜！！！
恭喜恭喜！！
恭喜！
哈哈哈哈哈哈哈哈哈哈哈
恭喜
嘤嘤嘤
沾沾喜气恭喜恭喜
恭喜恭喜
恭喜恭喜
恭喜恭喜
恭喜恭喜
真实
恭喜！恭喜！！
恭喜恭喜
恭喜恭喜
恭喜恭喜
哈哈哈哈哈哈哈哈哈
真实，现在也是老人小孩中间难做
恭喜恭喜恭喜恭喜恭喜恭喜呀
恭喜恭喜
恭喜恭喜
哈哈哈哈，裙裙演的好好
哈哈哈哈，裙裙演的好好
恭喜
恭喜
恭喜恭喜
恭喜！！！
恭喜！！！！！！！
恭喜恭喜
恭喜恭喜
恭喜
恭喜恭喜
恭喜恭喜恭喜恭喜
恭喜…！！！！！
恭喜恭喜
恭喜！！！
哈哈哈哈哈哈哈哈哈
恭喜恭喜恭喜恭喜恭喜恭喜
恭喜
恭喜
太真实了
恭喜恭喜恭喜恭喜恭喜恭喜恭喜
太过真实
太真实了
恭喜
哈哈哈哈哈哈哈哈
恭喜恭喜
恭喜恭喜哈哈哈哈哈
恭喜
恭喜恭喜！
恭喜恭喜
恭喜恭喜沾喜气
恭喜恭喜
papipapipapi
恭喜恭喜恭喜
恭喜
恭喜恭喜
恭喜恭喜
哈哈哈哈哈哈哈哈我靠
恭喜恭喜！！！！
恭喜恭喜
沾沾喜气
恭喜恭喜啊
恭喜恭喜
恭喜papi酱！
恭喜恭喜
恭喜
恭喜
恭喜恭喜
好开心！！！！！恭喜姜阿姨和胡叔叔
恭喜恭喜，母子平安
恭喜
恭喜恭喜呀
哈哈哈哈哈哈哈哈
恭喜papi
恭喜！
承包空屏 恭喜！
恭喜恭喜
恭喜
恭喜papi！！！！
看起来好傻啊！
恭喜恭喜，有了小pa，可爱的大小咪有了可爱的小主人
hahahah
恭喜恭喜
恭喜恭喜
恭喜papi怀小pa
恭喜恭喜
恭喜恭喜
恭喜papi
恭喜！！！！！！！！
前方高能
恭喜恭喜
恭喜！份子币已交
哈哈哈哈裙裙眼神越来越贼了，细节好评
恭喜恭喜
恭喜恭喜
恭喜papi！
裙裙为什么憨憨的？
55555
恭喜鸭
恭喜恭喜
周冬雨的那个太过分了吧哈哈哈哈哈哈
份子钱给你了
恭喜姜阿姨！！！
 恭喜恭喜啊，居然是看papi放送才知道
恭喜
恭喜恭喜
恭喜！！
恭喜恭喜你
恭喜papi！！！！！！！！
恭喜恭喜啊！
恭喜恭喜
恭喜
哈哈哈哈哈哈半个小时又没多久咯
恭喜！！
恭喜恭喜
恭喜恭喜
靠！过分了吧，游戏都玩不好，说谁呢
恭喜
恭喜！
这种真的很崩溃
恭喜呀ヾ ^_^♪
假刘海？
哈哈哈哈哈太像了
恭喜恭喜啊
真实呀
天啊！！！！不知道为什么我好开心恭喜papi酱
恭喜！！！
现在的小屁孩 坏的很
恭喜
恭喜！！！
群群为什么憨憨的
恭喜恭喜
恭喜！
恭喜恭喜呀
众筹
恭喜恭喜恭喜恭喜
真实
恭喜恭喜！！
恭喜！
裙裙演的很真实...我哥小孩就这样
真实
恭喜恭喜恭喜
前方高能
恭喜
恭喜恭喜
裙裙好可爱
恭喜
恭喜恭喜
恭喜！！！
恭喜
恭喜！
哈哈哈哈哈哈哈
恭喜恭喜
恭喜啊恭喜啊
救命有点真实。
我也想给花花生花生
恭喜！！！！
恭喜恭喜
此事值得一键三连
恭喜恭喜
恭喜恭喜恭喜恭喜恭喜恭喜
恭喜！
恭喜
恭喜恭喜
恭喜恭喜恭喜恭喜恭喜
恭喜恭喜
裙裙是假刘海吗，哈哈哈哈哈哈
恭喜恭喜
恭喜
真实
我的天啊
恭喜恭喜
恭喜恭喜恭喜！！！！！
恭喜
恭喜恭喜啊
…外婆像我妈对我妹，我对我妹像妈麻德态度，淦
恭喜恭喜
裙裙可爱
恭喜恭喜
恭喜
真实
恭喜
恭喜
恭喜
啊啊啊啊啊啊啊阿
恭喜恭喜
这叫做隔代宠爱
恭喜
性别是女孩子吗
恭喜恭喜
恭喜恭喜
哈哈哈哈
恭喜恭喜！！！
恭喜恭喜！！
恭喜恭喜
恭喜
恭喜
为什么裙裙和丈育一样
恭喜
群群可爱哈哈哈
恭喜！
恭喜
恭喜
无中生友
恭喜恭喜恭喜
恭喜ヾ ^_^♪
哈哈哈哈哈哈哈哈哈哈
恭喜~
晚自习回来的快乐
恭喜
恭喜恭喜
恭喜恭喜
无中生友
恭喜恭喜！
恭喜恭喜
恭喜
太真实了哈哈哈哈哈
恭喜
恭喜恭喜
恭喜恭喜
恭喜恭喜恭喜恭喜个
恭喜恭喜恭喜恭喜恭喜恭喜恭喜
一大波前所未有的放送主题即将到来
真实
裙裙真的好可爱啊
大部分是因为觉得对你小时候的教育有所亏欠
同款蛋糕哎……我竟然和papi同款 好开心 虽然我是过生日
恭喜
恭喜恭喜！
太真实了
恭喜恭喜
哈哈哈哈哈哈哈一年级语文99分太真实了吧
真实
恭喜恭喜
恭喜恭喜恭喜恭喜恭喜恭喜恭喜恭喜！
恭喜恭喜
哈哈哈哈哈哈哈哈哈
恭喜恭喜恭喜恭喜恭喜恭喜恭喜恭喜！！！！
为什么弹幕都在说恭喜啊？是不是Papi酱怀孕了？那我也恭喜恭喜
无中生友
恭喜
哈哈哈哈
恭喜恭喜呀
恭喜恭喜！
恭喜恭喜！
恭喜恭喜恭喜恭喜
恭喜恭喜鸭！！！！
恭喜
厉害  
恭喜恭喜
哈哈哈哈哈真实
恭喜恭喜
恭喜恭喜恭喜
恭喜
恭喜
恭喜恭喜！！
恭喜恭喜
恭喜恭喜！！！
恭喜！
恭喜恭喜
恭喜恭喜
 要是我的孩子是裙裙我肯定也舍不得打
恭喜Papi酱哦！
哈哈哈
恭喜恭喜恭喜恭喜
恭喜恭喜
恭喜！
恭喜恭喜
恭喜！
内容过于真实。
我妈，这是我妈！
恭喜恭喜
过于真实
仿佛看到我妈
恭喜恭喜
恭喜恭喜
恭喜
就刚刚啊
恭喜
恭喜
恭喜
恭喜恭喜
恭喜恭喜！
恭喜
恭喜恭喜
恭喜恭喜！
恭喜
三个女人一台戏
恭喜恭喜
我爸妈对我侄女就是这样
我从小就没爷爷奶奶真的不知道是什么样的感觉
裙裙好像男的。。。。
恭喜恭喜
恭喜恭喜
太真实了！
恭喜恭喜恭喜！！！
太真实了呀
恭喜
恭喜
恭喜恭喜！又要有新素材了！
恭喜啊
他爸也躺枪
恭喜恭喜
恭喜
恭喜！！！！
恭喜恭喜
恭喜恭喜
这个女人得想办法娶了她
哈哈哈哈哈哈哈
恭喜！
恭喜
我决定不要小孩
恭喜恭喜
恭喜！
恭喜恭喜
太真实了
恭喜才华与美貌集于一身的papi妈
恭喜
恭喜！
恭喜恭喜恭喜~
我和我妹
草！！！这里单科年级第一，真实！！！
哈哈哈哈哈哈 裙裙好入戏
恭喜恭喜恭喜恭喜恭喜恭喜
恭喜恭喜！
哇哇哇～超级恭喜呐
恭喜
哈哈哈哈哈哈哈哈
恭喜恭喜！！！！
哈哈哈哈哈哈哈哈
真实
恭喜
恭喜恭喜啊
恭喜！！！
我考好一次要奖励说我骄傲，，有段一直考好就说我就应该考好，，怎么只得年级第二，那么粗心
为什么是上海话的强调...
恭喜
恭喜papi！
恭喜啊
恭喜
我感觉好激动！！！
恭喜！
恭喜丫
恭喜恭喜。
恭喜
鱼王！！！
恭喜恭喜
哈哈哈哈哈哈哈哈真实
恭喜恭喜
真实
恭喜恭喜
恭喜恭喜
恭喜恭喜
恭喜
恭喜
老胡nb
恭喜
恭喜恭喜
恭喜恭喜
恭喜恭喜
恭喜
恭喜
恭喜恭喜
真实
啊啊啊啊，恭喜小pa！！我好激动啊
哈哈哈哈哈哈哈哈哈哈
恭喜
恭喜
恭喜恭喜！
哈哈哈哈哈哈哈哈哈哈哈哈哈哈哈哈哈哈哈哈哈哈
恭喜恭喜
天哪我感动得流泪了 恭喜！！！！
恭喜Papi！
恭喜!
恭喜
恭喜
恭喜姜阿姨！
恭喜！！！
我身为一个老粉，现在激动的语无伦次！
恭喜恭喜
恭喜
恭喜
恭喜恭喜姜阿姨！！！！
优衣库民间代言人
恭喜！！！！
恭喜！
恭喜
恭喜！！！！！！！！！！
熊孩子啊……
这个太真实了
真实
真实真实
太真实了
恭喜恭喜啊
恭喜papi！
恭喜
恭喜恭喜
恭喜恭喜
恭喜
恭喜
裙裙看着好傻哈哈哈
恭喜恭喜！！！
恭喜
恭喜
papi是不是上海银
恭喜
我的零花钱到高中就没了......
恭喜啊啊啊啊
恭喜！！！！
啊啊啊啊啊恭喜papi酱啊啊啊啊
恭喜恭喜！Papi不要累到自己！
恭喜恭喜
‘
恭喜恭喜，我生日看到这个突然放送。许个愿，我也该怀孕啦
太真实了！
恭喜恭喜恭喜恭喜恭喜恭喜恭喜
恭喜
恭喜
恭喜
恭喜恭喜
恭喜恭喜恭喜
恭喜恭喜
恭喜fpx
哈哈哈哈哈哈哈哈哈
半夜笑出猪叫
恭喜恭喜
恭喜恭喜
恭喜恭喜
过于真实
对，我妈每次说我记仇，自己要翻十几年的旧账
咸菜米饭？
恭喜啊！好幸运的小朋友！
恭喜恭喜啊啊啊啊我好开心啊啊啊
恭喜！！！！！！！！！
恭喜
恭喜
人间真实！！！！！
恭喜恭喜!!!!!!!
恭喜恭喜
哈哈哈哈真实
恭喜恭喜
恭喜！
恭喜
hhhhhhhh
恭喜恭喜
太真实了
恭喜恭喜
恭喜papi！！！
恭喜
恭喜再加过分真实
恭喜papi
哈哈哈哈好真实
恭喜恭喜
恭喜恭喜！
恭喜恭喜
恭喜!
恭喜恭喜恭喜恭喜鸭
前方高能
太真实了
恭喜！
太真实了，我妈就这样！
你以前也这样大姐
恭喜！
这眼神，神了！
恭喜
恭喜！！！！！
真实！！
恭喜
群群好像不太聪明的亚子
恭喜恭喜
太真实了
恭喜恭喜！！！！
恭喜papi呀
真实
恭喜恭喜呀！！！
恭喜！！！！
恭喜！
熊孩子看着真窝心
恭喜
2333
恭喜恭喜
恭喜!
太气人了！
恭喜恭喜
恭喜！！
就是，不满分都不正常
恭喜恭喜
恭喜
恭喜恭喜恭喜恭喜恭喜恭喜恭喜
恭喜恭喜
恭喜
恭喜贺喜恭喜恭喜！
妈妈对孩子都这样，隔代亲懂吗
我靠无法反驳？
喜欢裙裙
过于真实
恭喜papi
23333333
恭喜
恭喜恭喜
未来要是这样我真的会吃醋的，我会哭的真的
一毛一样
恭喜！！！！
恭喜恭喜
裙裙有点可爱啊，挺漂亮的一个小姑娘
恭喜我最喜欢的女人！
恭喜恭喜
恭喜恭喜
23333333
恭喜！
恭喜恭喜恭喜恭喜恭喜！！！！
恭喜papipipioipi
恭喜恭喜
太真实了
恭喜恭喜
双标好气
核能预警
恭喜恭喜！
恭喜恭喜恭喜恭喜恭喜
恭喜恭喜
恭喜恭喜
恭喜恭喜
哈哈哈哈哈
恭喜papi！
恭喜恭喜，快考试了，沾沾喜气
恭喜
恭喜！
人间真实
哈哈哈
恭喜恭喜恭喜
恭喜恭喜恭喜
恭喜
恭喜
恭喜恭喜
恭喜恭喜
裙裙好可爱啊啊啊啊啊
恭喜papi 好开心啊 哈哈哈
恭喜恭喜
papi酱要当麻麻了为啥我这么高兴！！恭喜恭喜ヾ ^_^♪
真实
恭喜
恭喜恭喜恭喜
恭喜恭喜呀！
恭喜恭喜恭喜
恭喜！！！！！
恭喜！
沾沾喜气
恭喜，恭喜
恭喜恭喜
哇！从认识papi到现在，当妈妈了呢！恭喜呀恭喜
恭喜恭喜
哈哈哈哈
今天心情糟到爆炸，看到最后忽然觉得有点开心，由衷的祝福。
恭喜恭喜~
投币啦！当红包哈哈哈
恭喜恭喜
恭喜！
恭喜恭喜
？？？？？？？？？？？？？？？？？？？？？？？
恭喜！！！
恭喜啊
不，我那对我侄女极其“凶恶”
看的小猪佩奇
前面的 我也好高兴啊 不知道为什么
恭喜恭喜
恭喜恭喜
一年级考99爸妈都问为什么不考100的。。。
啊啊啊啊啊啊啊啊恭喜恭喜！！
恭喜恭喜
恭喜恭喜！
恭喜
hhhhhhh
恭喜
养成了一个傻子
恭喜恭喜
解
恭喜！！！
太真实了
裙裙
恭喜恭喜
哈哈哈哈哈哈哈哈
恭喜恭喜
投币啦恭喜papi
恭喜恭喜恭喜
恭喜恭喜
恭喜！！！
哈哈哈哈哈好可爱演出本色出演的感觉
裙裙演的不是小孩是痴呆（我喜欢痴呆的裙裙）
恭喜
恭喜！
恭喜！！！
恭喜恭喜！！！
恭喜恭喜！！！
这告诉我们小孩子绝对不能放在爷爷奶奶那辈手上。。。
恭喜！
你币有了
恭喜
恭喜恭喜
恭喜
好难过，想起了小时候奶奶给我买一个特别喜欢的羽绒服
恭喜
这个校服……太真实了
恭喜恭喜
恭喜恭喜，沾点喜气
恭喜！！！！
恭喜恭喜
一样
恭喜
霍主任有人找
恭喜
恭喜恭喜
恭喜恭喜恭喜恭喜恭喜恭喜
我都想打了
真香
恭喜恭喜恭喜恭喜恭喜恭喜恭喜
恭喜恭喜
神逻辑
恭喜！
恭喜恭喜
恭喜恭喜
恭喜！！！
❤️❤️❤️❤️
真实到想打人
真实哭了T﹏T
恭喜
恭喜恭喜
恭喜
恭喜恭喜
恭喜恭喜！！！
恭喜
恭喜
恭喜！
太真实了
恭喜
恭喜
恭喜papi！
恭喜恭喜
恭喜恭喜
好突然！恭喜
恭喜恭喜
也太真实了吧！
恭喜恭喜
恭喜你
恭喜恭喜！！！！嗷嗷嗷嗷
恭喜恭喜哇
恭喜恭喜恭喜！！！
恭喜恭喜
恭喜恭喜
恭喜
这也太真实了
恭喜
真实
恭喜恭喜
恭喜姜阿姨呀~
恭喜！
不是傻，是学熊孩子学的像
恭喜papi！！！
哈哈哈哈哈哈哈
人间真实
年龄小不能说是痴呆吧
恭喜！
恭喜恭喜
恭喜呀！！恭喜什么来着？
恭喜！
恭喜！！！
哈哈哈哈哈
恭喜恭喜
woc恭喜啊姜姐姐
恭喜恭喜恭喜恭喜
恭喜恭喜
恭喜恭喜啊啊啊啊
恭喜恭喜啊
不记得太真实了
挖槽牛逼语文99奥
恭喜恭喜
恭喜
你再骂？
恭喜恭喜恭喜！
哈哈哈哈哈哈哈啊哈哈哈啊哈哈哈啊哈哈哈哈哈好可爱
恭喜
恭喜
攻击别人的那个有毛病吗？举报你
好萌 裙裙
恭喜恭喜！！
恭喜！恭喜！
这是傻子吧
恭喜恭喜
上海宁
恭喜
哈哈哈哈哈哈
恭喜
恭喜恭喜恭喜恭喜恭喜恭喜恭喜
恭喜！！！
太 尼玛 真实了 
恭喜恭喜
恭喜！
恭喜
恭喜
傻乎乎哈哈
恭喜恭喜
先恭喜再说！！！！
恭喜恭喜
真实
恭喜恭喜
只有我注意到后面的依云矿泉水么
恭喜恭喜！！！
恭喜！！给份子钱了！
恭喜
恭喜恭喜
裙裙真的可爱哈哈哈
我们班主任就是！
gong恭喜！！！
恭喜！！！！！
恭喜papi酱
恭喜恭喜
恭喜！！！！！
恭喜恭喜恭喜恭喜恭喜恭喜
恭喜
恭喜
恭喜恭喜！！！
恭喜恭喜
裙裙小姐姐好可爱呀
要是我我真的会气死
恭喜
恭喜
恭喜恭喜！沾沾喜气~
恭喜恭喜
恭喜啊
太有必要了
真实
恭喜！！
恭喜恭喜
恭喜！！
恭喜
哦，我的天呐，怎么这么真实!难道天下的妈妈讲过的话都是一样的吗。
恭喜！！！！
恭喜！
ei
恭喜恭喜
小孩的注意力很难集中，就是俗话说的一心不能两用
恭喜恭喜！！
老人都是这个样子哈哈哈哈其实也就是因为老了闲下来了
恭喜恭喜啊啊
恭喜恭喜！
恭喜啊
恭喜
恭喜恭喜！
裙裙不太聪明的亚子
恭喜
哈哈打得很高兴可还行
恭喜！
好生气
恭喜啊
恭喜
真实
恭喜恭喜！ 
恭喜啊
恭喜恭喜
裙裙演傻子演得真好 哈哈哈哈哈哈哈哈哈哈
为什么我弹幕发不出去！
恭喜恭喜
哈哈哈哈哈哈哈哈哈太可爱啦
哈哈哈哈哈
三连恭喜
恭喜恭喜
恭喜恭喜！
hhhhhhhhh
随两个硬币，恭喜恭喜
小猪佩奇，可以滴
恭喜恭喜
恭喜
萌叔 你老板怀孕啦
电视下饭基本操作
恭喜恭喜
恭喜
已投币，就当给份子钱了
我终于明白为什么现在10后小孩都那么调皮了
恭喜
佩奇真实，小朋友在家就霸占电视看这个
真实
恭喜
恭喜恭喜！
太真实了
哈哈哈哈哈哈哈哈哈哈哈 痴呆哈哈哈哈哈哈
恭喜
哈哈哈哈哈哈哈j j j
打得很高兴哈哈哈哈哈
太真实了
恭喜papi期待小宝宝hhh
恭喜恭喜！
恭喜恭喜！
真实
哈哈哈哈哈哈哈哈
恭喜恭喜恭喜
恭喜恭喜
恭喜恭喜恭喜
恭喜恭喜恭喜恭喜
哈哈哈哈哈哈哈哈哈哈哈哈
恭喜恭喜恭喜
熊孩子确实这样2333
恭喜
恭喜！
恭喜恭喜
恭喜papi酱！！
哈哈哈哈哈
所以我很反对和父母一起住
无中生友
妈呀这句话真实
恭喜小pa!
表白这个转身
我看到了我妈
合理
恭喜小啪
恭喜恭喜
恭喜啊啊！
恭喜
太真实了
周冬雨入镜了
真实
恭喜恭喜，不容易啊
哈哈哈我妈以后应该不会这样，不过我也不想要小孩
我想和他在一起
啊啊啊啊啊啊啊啊啊啊 恭喜呀
哈哈哈
恭喜恭喜
恭喜恭喜！
恭喜
恭喜
恭喜
恭喜！！！！！
隔代亲的原因是爷爷奶奶知道自己承担不了孙子的未来，看一天少一天。父母的责任更大压力更大。
我不记得了哈哈哈哈
恭喜
恭喜！！姜阿姨要多吃点呀
关系恭喜恭喜恭喜恭喜
恭喜恭喜
恭喜
千万千万不能穿羽绒背心
真实
恭喜恭喜
上海外婆，真实真实
恭喜恭喜！！！
恭喜！！！
为什么要干扰教育
人间真实
嘤嘤嘤
反驳：你要是好好学习我也不用那么累啊
三连随份子 恭喜！！！！！！！！！
恭喜！
我妈不是这样的
恭喜恭喜
恭喜！三连走起
恭喜恭喜恭喜！！，
hhhhhhh
真实
恭喜恭喜恭喜  硬币就当份子钱了
这段太真实了
过于真实 这句话太熟悉了
无中生友
恭喜恭喜
恭喜恭喜
恭喜恭喜呀～～～
恭喜！！
恭喜恭喜
恭喜
恭喜恭喜恭喜
恭喜
恭喜恭喜
恭喜
恭喜
少女 你谁？
恭喜恭喜恭喜！
温州话？
我靠
一摸一样
一模一样
这样真的，很讨厌
papi要照顾好自己啊
哈哈哈哈哈哈哈哈哈哈哈哈哈哈哈哈哈
太真实了
恭喜
真实
恭喜！
一毛一样
气死我了
恭喜papi 鸭
给你投币做份子钱
？？？？
太真实了
恭喜papi！！！
唉  是我妈没错了  
(ﾉಥ益ಥ)
恭喜恭喜
真的不会人格分裂吗
哈哈哈
碎碎平安
恭喜恭喜恭喜
恭喜
恭喜恭喜
戳到心窝了
恭喜恭喜！！！！
这太真实了，我妈就这么对我弟宽容的，我就是papi那样的，天天劝我妈哈哈哈哈哈哈哈
恭喜
恭喜
恭喜！！！
姜阿姨穿校服有点帅啊
大型双标现场
何老师神言
太真实了
恭喜恭喜
恭喜恭喜
恭喜恭喜
真实
恭喜！
恭喜恭喜，随份子喽
恭喜恭喜
恭喜恭喜
窒息
。。
真实
恭喜
太真实了
恭喜
恭喜
哈哈
太真实了哈哈哈哈哈
恭喜恭喜
恭喜恭喜！！
逻辑鬼才
恭喜恭喜
恭喜恭喜
恭喜！
恭喜！！！
裙裙好可爱
不太聪明
太真实了
恭喜！！！~~~
恭喜！
过于真实
鬼才
家长越是有本事孩子更得累好吧
papi会是个很酷的妈妈
恭喜恭喜
23333333
裙裙真的像papi的宝宝
恭喜恭喜哈哈哈
哇塞，恭喜恭喜恭喜！！
这小孩怕不是个傻子
恭喜！
恭喜恭喜
过于真实
随份子钱
太真实了
无中生友
恭喜
无中生友
恭喜pa老师！
恭喜恭喜
？？？
哈哈哈哈哈哈哈哈哈哈哈哈哈
恭喜papa！
恭喜恭喜
Gopp恭喜
真实极度真实
对，不能总和老人住（个人失败案例）
恭喜
太真实了吧
恭喜！！！
恭喜恭喜
恭喜恭喜恭喜
恭喜恭喜~~~~~
？
恭喜恭喜！
恭喜恭喜恭喜
恭喜恭喜啊！
恭喜papi
三连随份子钱
恭喜！
？？？？相反
恭喜恭喜恭喜
恭喜恭喜！投币随份子钱！
恭喜恭喜
校服好好看好清纯
恭喜恭喜
哈哈哈哈这不是我妹妹吗
恭喜
已随份子钱
哈哈哈，这个演员真好哟
恭喜恭喜
恭喜恭喜
恭喜哇！！！
太真实了
恭喜恭喜
恭喜！
恭喜恭喜
太真实了
用硬币随份子
真实的令人心疼，我哭了
过于真实
卧槽太真实了
祝福祝福
 恭喜恭喜
恭喜一个小朋友喜提仙女妈妈
恭喜
投币随份子
小朋友要快乐成长啊
气~死~我~了 越来越真实
哈哈哈
恭喜恭喜
恭喜
恭喜
恭喜
前面的，我的柯南被爸妈扔了！！！！
真实
岳母好
两个硬币随个份子啊
恭喜!
我会看着你儿子长大的
这里papi 的肚子是不是已经有点大啦！
这么大的团队
卧槽！！！恭喜！！！！
哇哇哇 恭喜恭喜恭喜
弹幕呢
恭喜恭喜！
哈哈哈哈或或太可爱了
恭喜
哈哈哈哈哈
恭喜
承包papi酱这个邪魅一笑
恭喜美貌与才华集于一身的papi酱啊啊啊啊 
无中生友
恭喜恭喜
气死还是别生了
裙裙看起来不太聪明的亚子
真实。。。。。
恭喜恭喜
恭喜恭喜
恭喜恭喜
恭喜
恭喜恭喜ヾ ^_^♪
唉
恭喜，爱你
恭喜恭喜恭喜
硬币随份子了
完蛋了，我孩子快出生了，别惯成了熊孩子
恭喜恭喜
佩奇！！
恭喜恭喜
我以为君君是哑巴
真实
哈哈哈
怎么感觉裙裙呆若木鸡
无中生友
恭喜恭喜
恭喜恭喜
恭喜
恭喜恭喜
恭喜
太真实了
恭喜！！！！！
恭喜恭喜
恭喜恭喜
恭喜
恭喜
恭喜恭喜恭喜恭喜
恭喜恭喜
恭喜恭喜
哈哈
真实
哈哈哈哈哈哈
我妈妈也是这么宠我侄子的，我都要被气死了
恭喜！
reroreroreroreoreo
恭喜恭喜
因为自己的期望寄托在子女身上  那爷孙没有直接关系 所以就不会那么严苛
+1
裙裙看起来有点不太聪明的亚子
三连随份子
恭喜恭喜
恭喜
这小孩怎么和傻孩子一样哈哈哈哈哈
包书皮
恭喜
恭喜
恭喜恭喜
恭喜！！！
恭喜！！
恭喜恭喜
恭喜恭喜
太像我妈
硬币随份子钱
恭喜恭喜
恭喜！！！！
恭喜恭喜
真实
恭喜呀！
恭喜.
？？？？？！！！
恭喜papi~~~~~
恭喜恭喜！
这是溺爱
真实
恭喜恭喜啊啊啊啊啊啊啊
恭喜
恭喜恭喜
恭喜
好真实hhhhhhh
过于真实
就哈哈哈哈哈哈哈哈裙裙好真实
真实
恭喜恭喜
过于有道理
真实
恭喜恭喜
恭喜恭喜!!
恭喜
恭喜恭喜
恭喜恭喜papi！
两个币份子钱
生个闺女啊！！！！！
恭喜恭喜
恭喜恭喜
恭喜
恭喜
投币随份子
我现在要是语文99班里横着走
？？？
恭喜恭喜
恭喜papi酱
恭喜
恭喜恭喜
好心酸
恭喜
恭喜恭喜！
恭喜
恭喜恭喜
恭喜
恭喜啊绝美我pa
恭喜恭喜
表情绝了
恭喜
我去我妈说过一模一样的话
真实
太真实了！！！我妈对我和妹妹！！！
有点道理嚯
 恭喜
恭喜呀恭喜呀要幸福呀
演傻了抖
恭喜恭喜
哇  就说为什么这么多人发恭喜！！哇太开心了
俩硬币份子钱
恭喜
恭喜恭喜
恭喜恭喜
一毛一样
恭喜
恭喜！！！
恭喜啊宝贝！！
恭喜恭喜
papi的肚子比较明显了
恭喜！！！
恭喜
恭喜！！！
恭喜。
恭喜恭喜ヾ ^_^♪
投币随份子钱
恭喜
恭喜恭喜PAPI
恭喜恭喜!下期视频不着急哈，慢慢来，不发也行!
硬币随份子
恭喜哇
恭喜恭喜！
恭喜恭喜
恭喜！！！！！
恭喜
太真实了……
恭喜！！！
恭喜
啊啊啊啊恭喜！
恭喜老胡哈哈哈
 恭喜姜阿姨
恭喜恭喜
笑死 
投币随份子
恭喜恭喜
过于真实
变成脑瘫＋熊孩了
恭喜啊
哈哈哈啊哈哈啊哈
恭喜！
恭喜！
恭喜
恭喜恭喜
恭喜恭喜
我是来接好孕的 ！！恭喜
真实
好难啊啊
恭喜恭喜啊！！！份子钱给了啊！！！！！！
恭喜恭喜
投币随份子了
祝宝宝和妈妈平平安安！
真实
祝宝宝和妈妈平平安安！
恭喜恭喜
恭喜恭喜
恭喜恭喜恭喜恭喜恭喜恭喜
宝莲
真实，太真实了
真实
恭喜
恭喜ヾ ^_^♪
恭喜ヾ ^_^♪
哈哈哈硬币随份子钱
可怕
这样不好，真不好
么么哒
恭喜！！
恭喜恭喜恭喜
太真实了吧
6666666
恭喜
肚子好明显噢
-，-
恭喜恭喜
恭喜恭喜！
我说一开始恭喜啥，后面真相了(・●・)
像痴呆
恭喜恭喜
恭喜恭喜恭喜
恭喜
投币随份子
恭喜！
恭喜❤
恭喜呀
恭喜恭喜！
迫真演技
恭喜恭喜
是我妈
恭喜恭喜
小时候三天被我妈一顿打，现在我一凶我女儿我妈就凶我，我太难了…
恭喜！！！
隔代亲 太正常了
恭喜恭喜
恭喜恭喜恭喜啊
恭喜
恭喜恭喜
心酸
太沙雕了哈哈
恭喜
恭喜
]\
真的看得好难受。。。
恭喜！！！
恭喜恭喜
恭喜恭喜恭喜恭喜恭喜恭喜
这特么八岁？
裙裙太可爱了
哈哈哈哈哈哈哈哈
太真实了吧
恭喜恭喜呀
孩子不太聪明的亚子
好难受啊…
真实
恭喜恭喜
恭喜
恭喜
妈妈你小时候好好学习有本事了
恭喜
恭喜papi酱！！！
恭喜恭喜
真实的一比
啊！！恭喜
恭喜！！！
恭喜恭喜
随个份子钱，恭喜！
哈哈哈哈哈哈
恭喜恭喜，给个三连当份子钱了
恭喜恭喜
恭喜
恭喜恭喜
打少了 好评
rerorerorero
hhhhhhhh
恭喜恭喜
我去，真实的想吐
投个币当随份子了
我奶奶还跟我抢台呢哈哈哈哈
恭喜呀！
恭喜
恭喜恭喜
周冬雨
扎心铁
同款校服
恭喜
谁干的哈哈哈
恭喜恭喜！
我看得好难受啊，太真实了
恭喜恭喜啦！
裙裙吹得好专心哈哈哈哈哈哈哈哈哈
过于真实
杠精系列
恭喜！！！
恭喜！
一模一样
恭喜
？？？
过于真实
真实
？？？
恭喜！！！！
裙裙好可爱哈哈哈哈
恭喜恭喜！
好乖
恭喜恭喜，
恭喜ヾ ^_^♪
这孩子是个傻子
恭喜恭喜！
恭喜
恭喜呀
哈哈哈，和我女儿一模一样
扎心
恭喜呀
像痴呆儿童，哈哈哈
恭喜！
恭喜
恭喜
恭喜 
太真实了
恭喜恭喜
恭喜！！！
恭喜
我侄女我姨妈我
这个声音好可爱啊哈哈哈哈哈哈
恭喜恭喜恭喜恭喜恭喜恭喜
恭喜！！！
恭喜
恭喜恭喜！
恭喜恭喜恭喜
恭喜
你们在恭喜什么
真实
过于真实
真的像个zz.
很有道理哦
哈哈哈哈哈哈哈哈哈哈哈哈哈哈
恭喜ヾ ^_^♪
恭喜恭喜恭喜
哈哈哈哈哈哈哈哈哈哈
有道理
时代不同了，而且孩子不是自己生的责任不同
卧槽真实
恭喜恭喜！
恭喜恭喜
这也太真实了吧。
恭喜
恭喜恭喜
这就定好名字了。。
恭喜
恭喜
太真实了
恭喜
恭喜恭喜
恭喜恭喜
恭喜恭喜
恭喜恭喜
我也觉得奇怪 杯子烂了为啥打小孩。。。。
这个笑
演的很好
恭喜恭喜
恭喜恭喜
恭喜恭喜
恭喜
恭喜
恭喜恭喜
真的难受……
恭喜
恭喜
恭喜恭喜！！！！！！！！！！
说得好
哈哈哈哈哈哈哈
哈哈哈哈哈哈哈
没人？
恭喜恭喜。
小孩小名就叫胡了
过于真实
哈哈哈哈哈哈哈哈哈哈哈哈哈
现在就知道男孩女孩了？
恭喜呀
恭喜
恭喜
恭喜
恭喜
恭喜恭喜恭喜！！！
gongxi
恭喜
恭喜
裙裙是papi这个同事的名字
太过真实
哈哈哈哈哈哈哈哈
恭喜恭喜恭喜恭喜
期中英语没过百 淦！
恭喜呀
投币随份子~~
恭喜恭喜！！！
哈哈哈哈哈哈哈哈哈哈哈哈哈
真实
恭喜！！！
恭喜恭喜
人间真实
恭喜恭喜
哈哈
打你打少了
恭喜
过于真实
裙裙好可爱，演的太像了
恭喜恭喜
恭喜恭喜！
真实！！
恭喜恭喜
恭喜啊！！！！！！！！！！！
我弟我妈我 过于真实了
恭喜恭喜
恭喜
啊啊啊晚来的恭喜！！！
过于真实
恭喜恭喜
我妈本人
恭喜
太真实了
隔代亲
恭喜！！！
恭喜恭喜
恭喜
真实
逻辑鬼才
恭喜恭喜
真实
裙裙太可爱了
关系恭喜恭喜恭喜恭喜
哈哈哈哈
哈哈哈哈哈哈哈哈哈哈哈哈
恭喜
真实
我正在一边看你的视频一边吃饭
哈哈哈哈
红红火火
恭喜！
恭喜恭喜
恭喜
恭喜恭喜
恭喜
这句真tm真实
恭喜恭喜恭喜
真实
恭喜恭喜！
恭喜
恭喜！！
哈哈哈哈哈恭喜恭喜
恭喜恭喜
恭喜恭喜
恭喜恭喜
恭喜
哈哈哈哈哈哈哈哈哈哈哈
恭喜恭喜
恭喜恭喜
哈哈哈哈哈哈哈哈哈哈哈
人间真实
恭喜姜阿姨！
是不是有广告
投两币就当份子钱了啊~~
恭喜恭喜
大咪小咪有小伙伴了
恭喜恭喜
恭喜恭喜
恭喜
恭喜恭喜
恭喜恭喜
哈哈哈哈哈哈哈哈哈
真实
恭喜恭喜
恭喜恭喜
恭喜恭喜恭喜
恭喜恭喜鸭
恭喜恭喜
恭喜
恭喜恭喜
卧槽
人家都还没吃呢，还恰当。
恭喜恭喜！！！！
恭喜恭喜
这个裙裙脑子好像不太灵光
恭喜恭喜
恭喜恭喜！
恭喜
恭喜！！
恭喜恭喜！！！！
恭喜恭喜恭喜
恭喜恭喜
真实
恭喜!
恭喜恭喜恭喜
似乎还挺有道理
恭喜！
东华papi？
恭喜
嘎嘎
我妈本人
恭喜恭喜鸭
无中生友
恭喜！！
uu u
恭喜
恭喜恭喜
恭喜
真实
我真的好难过哦
哈哈哈，一个人演两个人，太厉害了
恭喜恭喜！
恭喜
恭喜恭喜
前面吃饭的站住。我在蹲坑哈哈哈哈
啊啊啊啊恭喜papi！
恭喜！！
恭喜
恭喜恭喜恭喜恭喜
恭喜啊！
恭喜！！
恭喜恭喜
恭喜
恭喜papi！！！
裙裙一直都是痴呆人设的样子23333
恭喜恭喜
恭喜恭喜
投币随礼
恭喜恭喜
太真实了
太真实了
哈哈哈哈哈哈哈哈
恭喜恭喜你!
就是我外婆对我弟弟本人了
hhhhhhhhh
过于真实，哈哈
恭喜恭喜
恭喜恭喜～
哈哈
恭喜恭喜
恭喜恭喜
恭喜！！！！！
gongx
恭喜
恭喜恭喜
恭喜！恭喜！恭喜！
恭喜
哈哈哈哈
哈哈哈，真实
恭喜
恭喜！
两个角色毫无违和感 但是溺爱不好 别让长辈带孩子就对了
恭喜恭喜
恭喜恭喜
恭喜
太可爱了
精分现场精分现场
这个群群怎么有点嘎啊
恭喜恭喜
哈哈哈哈哈哈哈
恭喜
裙裙演的明显是个小孩儿好吗
恭喜！！！
真实
？
恭喜
恭喜恭喜
哈哈哈
哈哈哈哈哈哈太可爱了
投币随份子
恭喜恭喜吖！
投币随礼
恭喜
恭喜恭喜吖！
恭喜
眼科医生小声说话：关爱眼睛，从小做起
哈哈哈哈哈，好真实啊
你是不知道多少小豆丁得近视眼
哈哈哈哈哈哈
我靠太真实了
过于真实
恭喜恭喜
恭喜
恭喜
真实
真实
??
恭喜恭喜！
恭喜恭喜
恭喜恭喜
投币随礼！
恭喜恭喜恭喜鸭
恭喜！
真实，，我tm几科年级第一，我妈都觉得应该的
哈哈哈
恭喜恭喜
恭喜
你说的这个朋友不是你吧
这句话也太真实了吧！！！一个字不差！！！
恭喜！！！！！！！！！！！
太真实了
恭喜恭喜
哈哈哈哈哈哈哈对对对我和我表姐表弟每一次拿满分或者什么奖状我姥姥都会发钱
恭喜恭喜
恭喜！！
哈哈
投币随礼
恭喜恭喜
恭喜！！
恭喜！
哈哈哈哈哈哈哈哈哈哈哈哈
恭喜，小小三连不成敬意
恭喜恭喜啊
恭喜恭喜
恭喜
哈哈哈哈哈哈哈真实
恭喜阿~
太开心了
恭喜！
大猪佩琪
哈哈哈哈哈哈哈哈哈哈哈哈哈
恭喜
真实
过于真实！！！！
恭喜
我妈原版，这使我扎心的嫉妒
）
满分150?
恭喜恭喜
恭喜恭喜
哈哈哈哈
恭喜
恭喜
恭喜 恭喜
哈哈哈哈哈
哇！恭喜！
太真实了
恭喜！！！
恭喜
哈哈哈哈哈哈哈哈哈哈
太开心了我
难道不是吗？
我想要的东西，不买；我儿子想要的东西，买，不管多贵，买！
恭喜恭喜
投币随礼
恭喜恭喜恭喜恭喜恭喜恭喜恭喜恭喜恭喜
dddd
果然好看的人穿什么衣服都好看o
恭喜啊！
恭喜！
恭喜！
恭喜
恭喜！！！
恭喜
恭喜
人间真实
恭喜贺喜
裙裙怎么傻fufu的哈哈哈哈哈
恭喜papi
恭喜
恭喜papi！！！！！！！！
哈哈哈哈哈哈哈哈哈
红恭喜啊！！？
恭喜！！！！！
恭喜
哈哈哈哈哈哈哈
恭喜
真实
请收下我的膝盖
恭喜恭喜！
哈哈哈哈哈哈哈哈哈
无中生友
？？？？？？？？
真实
好喜欢裙裙啊哈哈哈哈哈
太真实了
真实。。。。
恭喜ヾ ^_^♪
想到自己没外婆了
哈哈哈哈哈哈哈哈
恭喜恭喜恭喜恭喜恭喜恭喜恭喜
恭喜恭喜
恭喜papi
恭喜！
恭喜恭喜
恭喜ヾ ^_^♪
演技真好
恭喜恭喜
恭喜恭喜
哈哈哈哈好真实
太真实了哈哈哈哈哈哈哈哈哈
哈哈哈哈哈哈哈哈哈
哈哈哈哈哈哈哈哈哈哈哈哈哈哈哈
真的是，过于真实啊
过于真实哦
？？？？？？？？？？？
真的太绝了。超级讨厌的
恭喜恭喜我也七个月了不容易哇
恭喜恭喜
恭喜鸭
哈哈哈哈打的高兴
我外婆不这样
恭喜恭喜
投币随礼
恭喜
恭喜
我有点迷惑：是因为不是自己的女儿所以疯狂溺爱？
英语全年级第一n次 数不清了都 也没奖励……
恭喜呀
恭喜恭喜恭喜恭喜恭喜恭喜恭喜
精神分裂症，哈哈
恭喜恭喜
恭喜papi！恭喜老胡！喜得贵子！
恭喜
恭喜呀
恭喜!!!!!!
恭喜恭喜
恭喜恭喜
恭喜恭喜
真实
哈哈
哈哈哈哈哈哈哈哈哈哈哈哈哈哈
恭喜恭喜
哈哈哈
就是这样的，老人就是宠的不行，还双标
沾沾喜气！！！明年暴瘦暴富！！！有桃花！！！
恭喜恭喜
恭喜恭喜
恭喜恭喜恭喜恭喜恭喜恭喜
恭喜
太真实了
恭喜ヾ ^_^♪
真实
恭喜!
一塌糊涂，哈哈哈哈，上海中年女人的口头禅
恭喜
恭喜恭喜
恭喜恭喜
随份子
恭喜恭喜恭喜
哈哈哈哈
恭喜恭喜
太真实了
我去，我想打这个小孩
就是这个动画片
恭喜
恭喜(*^_^*)
恭喜恭喜
恭喜❤
太真实了，扎心
真实
恭喜
哈哈哈哈太真实了
恭喜
太真实了吧
操
恭喜恭喜恭喜啊
恭喜恭喜
群群不太聪明的亚子
恭喜恭喜！！！
恭喜
hhhhh
恭喜恭喜，沾沾喜气
恭喜恭喜
恭喜恭喜
太真实了
？？
hhhhhhh
哈哈哈哈
恭喜
恭喜恭喜！
恭喜恭喜!!!!
恭喜恭喜恭喜恭喜恭喜恭喜
随礼币
恭喜！
恭喜
恭喜
赌5毛要恰饭
恭喜恭喜！
恭喜
恭喜恭喜恭喜恭喜！
恭喜恭喜
恭喜
哈哈哈
恭喜恭喜papi酱
哇真实到爆
真实
恭喜恭喜
恭喜恭喜
恭喜恭喜
恭喜恭喜
恭喜！！
恭喜恭喜恭喜恭喜！！！！
恭喜！！！
dong duck！友情客串哈哈哈
这句你什么态度，太真实了
恭喜
我爸妈也是这样。。。长大了就说什么都不记得了
恭喜
太真实了吧
经费在燃烧
这TM是八岁？
恭喜
恭喜恭喜
恭喜恭喜
恭喜啊！！！～
恭喜恭喜
演技爆炸
恭喜
恭喜恭喜恭喜恭喜
我都二十多了还看佩奇呢
恭喜恭喜
哈哈哈哈哈哈哈
恭喜
恭喜恭喜
恭喜恭喜
恭喜恭喜
恭喜！
恭喜恭喜恭喜恭喜
恭喜恭喜
恭喜
恭喜恭喜
恭喜
hhhhhh
恭喜恭喜
恭喜恭喜
哈哈哈哈哈哈哈哈哈
恭喜papi!
现在小学语文考99可不容易了
恭喜恭喜
恭喜恭喜啊啊啊啊啊啊啊
恭喜！
恭喜恭喜
我表妹就这样
恭喜恭喜恭喜恭喜恭喜嘻嘻嘻嘻嘻
真实，太真实了
恭喜恭喜
恭喜
恭喜恭喜恭喜恭喜恭喜恭喜恭喜恭喜
恭喜恭喜
哈哈哈哈哈哈嗝
恭喜
hhhhhhhhhhhhhhhhhh
恭喜恭喜
恭喜！！！
恭喜恭喜
毕竟是孙女，孙子又不宠
gongxi
一天世界
遗传爸爸也太真实了吧哈哈哈哈哈
有点像鬼鬼
人间真实
真实到哭泣
恭喜！
恭喜～恭喜！
怎么这么真实
真实
一塌糊涂想起了小钱
真实，内容过于真实
真实
真实哈哈哈哈哈哈
恭喜
啊啊啊，我的papi当妈啦，好激动啊啊啊啊
我妈我妈我妈
恭喜恭喜恭喜恭喜恭喜啊啊啊
恭喜恭喜
哈哈哈哈哈
恭喜
啊哈哈哈哈哈哈哈哈
真实
为什么我看不到弹幕？
简直真实得令人心碎
？？？？？？
恭喜恭喜
无中生友
太真实了！！！！！！！！
恭喜恭喜
hhhh
半小时（狗头）
哈哈哈裙裙太可爱了
恭喜
恭喜恭喜
恭喜恭喜恭喜
恭喜恭喜恭喜恭喜恭喜恭喜恭喜恭喜恭喜恭喜恭喜恭喜
恭喜！
恭喜姜妈妈
恭喜恭喜ヾ ^_^♪
满分150
一年级不是全满成绩手册都不好意思拿出来
真实
影响消化
裙裙太可爱
恭喜恭喜恭喜恭喜恭喜恭喜恭喜恭喜恭喜恭喜恭喜恭喜恭喜恭喜恭喜恭喜恭喜恭喜
我记得一年级是听单词涂颜色吧。。。
别说了 初中小朋友都爱看呢
隔代亲
哈哈哈哈
恭喜
恭喜恭喜
前方高能！！！
恭喜
真实真实
真实
弹幕呢
注意身体！恭喜！
1年级语文数学次次考100班上没几个下95的
恭喜姜阿姨！
恭喜恭喜。
恭喜啊
恭喜
恭喜恭喜
恭喜！！！！！
恭喜！
太真实了吧
恭喜
恭喜恭喜！！！
演得像脑瘫鹅的鸭子
暗示自己怀孕？？？
过分真实
恭喜恭喜
恭喜恭喜恭喜恭喜
恭喜恭喜！
投币随份子了
我奶奶就是这样的哈哈哈哈
真实
恭喜！！！
恭喜
恭喜恭喜
手根本没点到屏幕上。。。。
恭喜
恭喜！！
恭喜恭喜
过于真实
？？？？那您带行吧？？
无中生友
恭喜恭喜！
恭喜呀！
关系恭喜恭喜
提前恭喜
恭喜恭喜恭喜恭喜恭喜恭喜恭喜恭喜
恭喜
恭喜！！！
看完特地回来恭喜！！！恭喜papi！！！
恭喜
恭喜恭喜
真实
低能儿
恭喜贺喜
恭喜恭喜
xswl
恭喜
哈哈哈
恭喜啊啊啊啊啊啊啊
真实真实……
所以papi的外婆在哪里？
恭喜
真实！！！
恭喜！！！
真实
好真实
好特么真实
hhhhh
恭喜恭喜
恭喜！！！
恭喜啊
恭喜恭喜
恭喜恭喜！
恭喜
恭喜
裙裙太难了要演一个小孩子哈哈哈哈哈哈
太真实了，不记得hhhhh
现在不容易真相了
恭喜恭喜
恭喜
恭喜恭喜！！！！！
恭喜！！
我一拳一个yingyingying
太真實了
打得高兴
恭喜恭喜恭喜恭喜恭喜恭喜关系
我也真的会气死
哈哈哈哈哈哈哈
恭喜恭喜我真的替papi开心阿
妈呀恭喜啊！！龙凤胎！
恭喜恭喜恭喜
恭喜恭喜
恭喜！
哈哈哈哈哈
恭喜ヾ ^_^♪
略略略太可爱了吧哈哈哈哈哈哈哈哈
恭喜哈哈哈
恭喜！
恭喜恭喜
真实
哈哈哈哈太真实了
一毛一样
想一起句话，大人只是长不大的小孩
还是那句老话一毛一样
论熊孩子的养成之路
我外婆重男轻女…唔…
三连随份子钱
哈哈哈哈哈哈哈
恭喜
哈哈哈哈
过于真实
哈哈哈哈哈哈哈
？？？怎么和我家一模一样
真实
哈哈哈哈哈哈哈哈
2个硬币随份子
恭喜！！！
真实
？？？？恭喜
哈哈哈哈
恭喜
！
 真实到羞愧
恭喜恭喜
真实的可怕
卧槽玩游戏还能补脑
恭喜恭喜
杜绝的应该是过分溺爱，不是隔代养育哦
恭 喜 ！
恭喜恭喜
恭喜
恭喜恭喜恭喜恭喜
这长大了百分之百是熊孩子……
啊啊啊
哈哈哈哈哈哈哈
恭喜
恭喜恭喜
？？？？？？？？？？？？？？
鼓掌鼓掌恭喜恭喜
恭喜恭喜！
恭喜
恭喜恭喜
太真实了
恭喜papi
恭喜！！
驰名双标
真实得不行
恭喜恭喜！
反抗是不敢反抗的 只敢略略略
三连随份子
哎呀恭喜恭喜呀！！！！！！
恭喜恭喜！！！
恭喜恭喜恭喜恭
真实
因为父母希望孩子成材，隔辈长辈：成啥都不关我事，反着养老也不需要他们，宠着就行了，还能留个好念想
你的那个朋友到底是不是你自己
恭喜恭喜！！！
恭喜恭喜
恭喜恭喜
喜欢papi酱3年了恭喜啊啊啊
我女儿现在也是天天要看小猪佩奇눈_눈
哈哈哈哈哈哈哈哈哈哈哈
恭喜恭喜
上海人？
好真实太真实了
恭喜恭喜
恭喜
恭喜恭喜
恭喜恭喜
这个裙裙好可爱啊，想娶她
恭喜！！！恭喜
恭喜恭喜
恭喜恭喜恭喜
恭喜恭喜
我才反应过来papi酱怀孕了！！
恭喜恭喜
恭喜恭喜
恭喜！
群群演的是傻子吗，哈哈哈哈
恭喜啊哈哈哈哈哈哈
嘿嘿！
恭喜
过分真实
真实
学习是为了我学的啊？ 这句话太真实了
恭喜哈哈哈哈
份子钱！！！！！
哈哈哈哈哈哈哈哈哈
恭喜
哈哈哈哈哈哈哈哈哈哈哈哈
哈哈哈哈哈一模一样
真实双标现场
恭喜恭喜
恭喜
太真实了
恭喜
Gongxi ！
恭喜！！！
恭喜恭喜！！！
恭喜
恭喜恭喜
我娃的姥姥不是这样 但是我是这样的妈啊 
恭喜恭喜
恭喜恭喜
有没有大哥能看出来几个月了
恭喜恭喜恭喜恭喜恭喜恭喜
恭喜！
哈哈哈
恭喜恭喜
啊哈哈哈哈哈哈哈哈哈哈哈哈哈哈哈哈哈哈哈哈哈哈哈哈哈哈哈哈哈哈哈
恭喜
恭喜
恭喜恭喜
恭喜
哈哈哈哈哈或
演技壁真
恭喜
群群太可爱了 哈哈哈哈
恭喜
哈哈哈哈哈哈 群群好可爱
恭喜
papi真的很好看
恭喜
小 猪 佩 奇
朋友？
恭喜恭喜
恭喜恭喜 三连随份子
恭喜
恭喜恭喜
恭喜
这个我不记得了太真实
恭喜恭喜恭喜恭喜恭喜恭喜
恭喜
???
恭喜恭喜恭喜恭喜恭喜
恭喜恭喜恭喜恭喜恭喜
恭喜
恭喜ヾ ^_^♪
恭喜
恭喜啊
恭喜恭喜
恭喜！！！
恭喜恭喜！
恭喜！
无中生友
哈哈
无中生友
这股子又青又痞的劲儿，爱了，真是演什么像什么
这就是熊孩子的出处
投币就当随份子了
恭喜
又真实了
恭喜恭喜
恭喜！
恭喜
恭喜恭喜
恭喜恭喜！
papi的视频总是很勾起回忆
大型双标现场
完全一致
真实
窝窝头，一块钱四个，嘿嘿！
哈哈哈哈
恭喜恭喜恭喜恭喜
恭喜恭喜
投上份子币！
恭喜
恭喜ヾ ^_^♪
恭喜
恭喜
恭喜恭喜恭喜恭喜
碗哈哈哈哈
恭喜
真实
恭喜恭喜恭喜恭喜恭喜恭喜恭喜
恭喜
哈哈哈哈哈哈哈哈哈
恭喜恭喜
恭喜恭喜
哈哈哈哈哈哈哈哈哈哈哈哈
笑死
过分真实
恭喜
恭喜恭喜
恭喜恭喜恭喜恭喜
高能预警！
哈哈哈
恭喜恭喜恭喜恭喜
ahhhhhhhhhh
ahhahhah
恭喜恭喜恭喜恭喜
恭喜！
恭喜
恭喜恭喜
个ing西贡关系
哈哈哈哈哈哈
恭喜恭喜恭喜恭喜
恭喜
恭喜
恭喜恭喜恭喜恭喜
不存在的 我奶奶管我管的比父母还严
恭喜
恭喜
恭喜恭喜恭喜
外婆为啥不拿自己的手机给裙裙玩
好真实啊
恭喜!硬币当份子钱了
前方高能
我也看的很气？
恭喜恭喜！！
？？？
恭喜恭喜
恭喜恭喜
恭喜鸭
这个校服跟我们这里一模一样
我一定要投很多份子币，每天投一点
恭喜！！！！！
像我奶奶还让我去床上玩手机，不那么累，差点气死我妈妈哈哈哈
是不是监视了我的童年生活哈哈哈哈
恭喜恭喜
干嘛讲道理厚，直接动手
过于真实
划重点  以后
哈哈哈哈哈哈哈哈哈哈哈哈哈哈哈哈哈哈哈哈哈哈哈
哈哈哈哈哈哈哈哈哈哈哈哈哈哈哈哈哈哈哈哈哈哈哈哈哈哈哈哈哈哈哈哈哈哈哈哈哈哈哈、
??
哇啊啊啊啊啊
投币是份子钱哈哈哈哈
恭喜恭喜
看了并不想笑只觉得生气
恭喜！已三连
恭喜
恭喜
恭喜恭喜恭喜恭喜恭喜
这是痴呆吧哈哈哈
我一年级60分我奶奶使劲夸我
恭喜papi！
桀哥你在这干嘛，咱回家
恭喜
恭喜
哈哈哈哈哈哈哈哈哈哈
这个！！太真实！！一模一样
恭喜恭喜
恭喜
恭喜恭喜恭喜恭喜恭喜
恭喜
所以我都是自己带
她有孩子了嘛
恭喜恭喜啊
看电视小孩子专注的样子是和傻子差不多
这情况也发生在我弟，我，和我妈身上，我妈跟这外婆一毛一样(≖_≖ )
恭喜啦！
非战斗人员请撤离
？
这上海普通话听到好舒服噢
有点像
恭喜恭喜
恭喜
恭喜
恭喜恭喜
恭喜
一壁雕凿
恭喜恭喜
恭喜
恭喜！！！！
恭喜！！！！！！
太真实了
恭喜恭喜
生动形象
恭喜恭喜
恭喜！！！！！
恭喜papi酱！
恭喜恭喜
恭喜
附议随份子
随份子
附议随份子！
恭喜
恭喜
恭喜恭喜恭喜
恭喜恭喜
恭喜！！！
看起来不大聪明的亚子
恭喜恭喜
我感覺我要氣死了太不公平了
笑死。。。
恭喜！
哈哈哈
满分150
恭喜！！！
恭喜恭喜
恭喜啊qwq啊啊啊啊啊
是因为剧本里的孩子年纪还小，但是没那么小的演员…不是不聪明
恭喜
笑死我了
恭喜恭喜恭喜恭喜
噗哈哈哈哈哈
真实
专门来点个赞
这个巨真实！
真实哈哈哈哈哈哈哈哈
希望我能找到爱我的我爱的人
恭喜恭喜
恭喜！
恭喜恭喜
恭喜
恭喜
恭喜恭喜
恭喜
恭喜恭喜
恭喜恭喜
恭喜papi
恭喜
我的天啊。。。一模一样啊
“你什么态度啊”这句话至今还是能引爆我的导火线
哈哈哈哈哈哈哈哈哈
恭喜
裙裙康起来有丶痴呆的亚子，害有丶可爱嗷
哈哈哈哈哈哈哈哈哈哈哈哈哈
恭喜恭喜
恭喜
哈哈
恭喜！恭喜啊啊啊！
恭喜恭喜！
恭喜恭喜！
恭喜恭喜！
红红火火恍恍惚惚
外婆：那就买个屏幕大的
太真实了
太真实了
恭喜恭喜
恭喜
恭喜恭喜
恭喜papi
恭喜
恭喜恭喜恭喜恭喜
裙裙真可爱
恭喜
恭喜啊啊啊啊啊啊啊啊啊
人间真实
你再吼我家裙裙试试！！！！！！！
哇，papi好青春哦
我们学校校服！
太真实了哈哈哈哈哈
恭喜恭喜
恭喜恭喜
恭喜恭喜恭喜
恭喜！！！！！
恭喜恭喜恭喜恭喜
恭喜
？？？？？？？？？？？真实
恭喜
那我没有这样的姥姥
为什么我没有这样的姥姥？
内容过于真实
恭喜...发财！
太真实...
真实！！！
笑死我了哈哈哈哈哈
Hahahhaha太真实
真实
恭喜恭喜恭喜！！！
恭喜
弹幕护体
真实
太真实了
恭喜恭喜
恭喜恭喜，投个份子币先
恭喜
这个真实
恭喜
恭喜
恭喜
恭喜
好真实
恭喜恭喜
恭喜恭喜
恭喜恭喜 papi
恭喜恭喜！
前方高能
恭喜！
';'
过于真实
都是别人家的奶奶
恭喜恭喜
恭喜恭喜
恭喜恭喜
真实
略略略略略略略
略略略略略略略l
我这暴脾气
我tm这次期中数学计算题都出错了，没考好。英语祖坟冒青烟年级第一。我是我们的数学课代表英语中等生。我妈晓得了成绩，已经把我骂哭了
恭喜恭喜
xswl
可能是我不够成熟吧这样看下来快气死了
恭喜！
书桌上的《杀死一只知更鸟》哇哇哇
哈哈哈哈哈
哈哈哈哈哈
恭喜
恭喜恭喜！！！！
哈哈哈哈
裙傻子
有道理诶
哈哈哈哈哈哈哈哈哈哈哈哈
恭喜恭喜
恭喜
恭喜恭喜
恭喜恭喜
真是
恭喜恭喜！！
无中生友
真实
恭喜
恭喜
恭喜！！
恭喜
恭喜 恭喜
恭喜
恭喜恭喜
不太聪明的亚子哈哈哈哈哈
不太聪明的亚子
恭喜恭喜
嘤嘤嘤
哈哈哈哈哈哈
太真实了
恭喜
恭喜恭喜恭喜恭喜恭喜！！！
语文当时每次考全年级第一我妈都没夸过我
恭喜恭喜恭喜！
真实
真实
恭喜恭喜
份子币！！！
真实啊
？？？？？
恭喜
恭喜恭喜
恭喜啊！
恭喜恭喜恭喜
我觉得这种生活在一起好累啊。
恭喜恭喜恭喜
恭喜恭喜
恭喜恭喜
恭喜！最后的邪魅一笑！
。。。
是我姥姥本人
哈哈哈哈哈哈哈有道理！
周冬雨客串
看着心疼
真实
太真实了
恭喜
恭喜恭喜
恭喜！
恭喜
恭喜恭喜
恭喜
恭喜恭喜
哈哈哈哈哈哈哈哈哈哈
这也太真实了吧，哈哈哈哈哈哈哈哈
恭喜
恭喜恭喜
恭喜恭喜ヾ ^_^♪
 恭喜
恭喜
赣
恭喜
2333333
真实
恭喜恭喜
过于真实
唉，走了走了
恭喜
真实
过于真实
恭喜
恭喜
哈哈哈哈哈哈哈哈哈哈哈哈哈哈
papi演得真的好像我妈
牛皮
真实
真实
一模一样！
恭喜
恭喜
恭喜恭喜
恭喜恭喜
恭喜
恭喜恭喜
恭喜恭喜恭喜恭喜恭喜恭喜恭喜恭喜恭喜恭喜恭喜
恭喜
恭喜
恭喜恭喜恭喜恭喜恭喜恭喜恭喜恭喜恭喜恭喜恭喜
就是我妹妹和她妈妈以及我奶奶在一起吃饭的时候
恭喜
喜欢裙裙！！
恭喜papi酱升级当妈妈
恭喜papi鸭！
恭喜
恭喜！
真实
恭喜！！！
哈哈哈哈可以可以
恭喜！！！
恭喜
鱼王～
恭喜恭喜恭喜恭喜！！！
太真实了  
为什么觉得这个口音不像吴语腔倒像江淮官话腔
恭喜！
裙裙有点像邵岚。。
投币随礼
恭喜恭喜恭喜恭喜恭喜恭喜恭喜
恭喜恭喜
恭喜恭喜
恭喜❤
???
突然有点难过
恭喜
我打碎一个锅盖我外婆真的这样
和哈哈哈哈哈哈哈哈哈哈哈哈
租
恭喜恭喜啊啊啊啊啊！！！！！
恭喜 恭喜 恭喜 恭喜 恭喜
恭喜恭喜
恭喜恭喜
看到这里特别生气。忍不住了。
恭喜
恭喜恭喜恭喜
恭喜恭喜恭喜papi！！！
买个小咪
恭喜恭喜
真实
恭喜恭喜
恭喜恭喜ヾ ^_^♪
为什么我觉得好难过
恭喜恭喜
哈哈哈太真实了
哈哈哈哈
我们的爸妈真的很双标
是我们爸妈
恭喜
恭喜恭喜
好有道理的样子
小时候打少了 哈哈
哈哈哈哈哈哈哈哈哈哈哈哈
恭喜恭喜恭喜恭喜恭喜
更新
恭喜恭喜
不太聪明的样子
我奶和我姥不是这样的，他们小时候就一直不管我
一模一样，我每天被孩子和长辈气死，又无奈
恭喜
眼神好真实
裙裙好可爱啊哈哈哈
恭喜恭喜
哈哈哈哈哈哈哈哈
恭喜恭喜很高兴
恭喜恭喜
恭喜恭喜
恭喜papi~~~会是个有趣的麻麻～
恭喜恭喜
真实
有道理
演的像个傻子对不起
哈哈哈哈
2333333
真实
恭喜恭喜
恭喜恭喜恭喜
恭喜
贡献你的工作室又多了一名员工。
真实
格外真实！！
过于真实
投币随礼
真实
恭喜!!!!!
恭喜恭喜
恭喜
Me too也只一直以为是丁克
哈哈哈哈哈哈
恭喜！！！！
这是我妈了
恭喜恭喜恭喜恭喜恭喜恭喜
恭喜恭喜
怎么小孩演的想和弱智。。。
恭喜！！
哈哈哈动脑的
恭喜
过于真实
恭喜恭喜
一毛一样，我难过了
恭喜恭喜
恭喜
哈哈哈哈哈哈哈哈哈
恭喜恭喜
哈哈哈哈哈哈哈哈哈哈哈哈哈哈哈哈
裙裙痴呆，笑死了
买个猪哦
有理有据令人信服
哈哈哈
恭喜恭喜
我小时候妈妈打我，我就去找我奶奶
恭喜
哈哈哈
哈哈哈哈哈哈
恭喜
母猪佩奇
恭喜
过于真实
哭哭
真实
。恭喜
我擦
?
夠恭喜恭喜恭喜！
这孩子该不会是个傻子吧！
恭喜!
恭喜啊！！！！！！！：
我不记得了  真实
恭喜
喜欢裙裙
30几了还要打我呀。。。。。
恭喜恭喜
gxgx
哈哈哈，演技太好
太真实了
等等 看漫画也要动脑的
真实到眼睛含满泪水
恭喜恭喜呀
？
恭喜
恭喜鸭
恭喜恭喜恭喜
恭喜！！！
恭喜恭喜
？？？？？？？？？？？？？
过分真实
恭喜恭喜
恭喜
无中生友
哈哈哈哈哈哈嗝
恭喜恭喜
恭喜！！！！
恭喜恭喜
这是合肥那边的口音么。。。
裙裙好好看
专门登录来恭喜
恭喜恭喜
比如说实话，我爷爷奶奶比我爸爸妈妈还严格。
三代都长得一模一样的papi一家
这个菜也没啥好吃的
无中生有
恭喜
同款妈妈和外婆
哈哈哈裙裙真的好可爱，不太聪明的亚子
这是我和我妹妹
恭喜恭喜恭喜恭喜
恭喜恭喜
哈哈哈哈哈哈哈哈
真实
恭喜恭喜！！
恭喜
恭喜恭喜！
恭喜
恭喜恭喜
这表情太傻了
恭喜恭喜恭喜恭喜！！！！
恭喜
什么态度啊过于真实
我想让papi批评我
恭喜恭喜！！
我家的现况
恭喜恭喜！
恭喜哇！！！
恭喜恭喜
哈哈哈哈哈哈哈真实
恭喜
恭喜恭喜
恭喜
和我外甥女一样
恭喜
我真的很恨这种家长
等下裙裙是在抄作业吗哈哈哈哈哈哈哈哈哈
6666666
恭喜
恭喜恭喜
恭喜恭喜
恭喜papi呀
好有道理
恭喜恭喜！！！
额
我的天 恭喜
恭喜恭喜恭喜
233333
一模一样
不记得真实
恭喜恭喜！
恭喜恭喜
恭喜恭喜恭喜恭喜恭喜
哈哈哈哈哈哈
我把祝福放硬币啦
听着像杭州话
过度真实！！！
一模一样的话
恭喜恭喜
牛逼
恭喜
恭喜恭喜哈哈哈哈哈哈
恭喜
？？？
？？
恭喜恭喜
哈哈哈哈哈哈哈哈哈哈哈哈哈，真实
小时候打你打少了，哈哈哈哈哈哈哈啊哈笑死
恭喜！！！
不是合肥
太真实了吧
恭喜！
真实
恭喜
有这个趋势了
有这个趋势了
恭喜！！！
gongxi
恭喜恭喜
太真实了！！！
我想起了我外婆，我好想我外婆
同一个世界同一个妈
恭喜！
恭喜
恭喜恭喜
哈哈哈哈
恭喜
好真实
恭喜恭喜
太真实了
真实
无中生友
恭喜恭喜
恭喜
恭喜恭喜
哈哈哈哈哈哈
恭喜恭喜
过于真实233333
应该打扮只有两三岁的小孩
应该是扮演两三岁的小孩
Hhhhhhhh恭喜papi酱
佩奇哈哈哈哈
恭喜恭喜
恭喜恭喜
恭喜恭喜
语气突然柔和 真实
握草好真实
恭喜！！
恭喜恭喜
恭喜
现实中就是这样的，我妈对我表弟已经出现了这种外婆式的溺爱
唉我觉得这样子的妈妈也很累的
真实
恭喜恭喜
恭喜恭喜恭喜
恭喜
恭喜
恭喜！
恭喜
恭喜恭喜
不太聪明的亚子
什么态度啊太真实了吧！
那你要是努力点，当年就不用逼我了不是吗
恭喜
不是合肥，可能有个别语气有点像吧…
恭喜ヾ ^_^♪
恭喜恭喜
恭喜恭喜
恭喜
恭喜
恭喜恭喜
卧槽！！！恭喜恭喜！！！！！
恭喜恭喜
推她
哈哈哈哈哈哈哈
过于真实
憨憨
哈哈哈哈哈哈哈哈哈哈
恭喜恭喜
恭喜工资
恭喜
真实
突然想外婆了哎
恭喜恭喜
恭喜恭喜
恭喜！
哈哈哈哈哈哈
哈哈哈哈哈哈哈哈哈哈哈哈
恭喜恭喜
恭喜恭喜
。？？？
恭喜！！
买！买大个儿的！
恭喜
恭喜！！！！
】
现实中很多长辈会这样 对孩子真的不大好
恭喜
恭喜恭喜
哈哈哈哈哈
恭喜
恭喜恭喜！！！恭喜！
恭喜恭喜
恭喜恭喜恭喜恭喜恭喜恭喜恭喜恭喜恭喜恭喜
恭喜恭喜恭喜
恭喜恭喜恭喜恭喜恭喜恭喜恭喜恭喜恭喜恭喜恭喜恭喜
真实……引起不适2333
恭喜恭喜！
哈哈哈哈哈哈哈哈
恭喜恭喜
hhhh
恭喜恭喜
恭喜恭喜
恭喜！！
真实
同一个世界同一个妈
太真实辽
恭喜！！！
恭喜呀！！
真实
恭喜
哈哈哈哈哈哈哈哈哈哈哈哈哈哈哈哈哈太真实了
恭喜恭喜
天蝎座
太真实了，只要提他们以前做错的事 都直接来一句我不记得了
一人多演可还行
恭喜
哈哈哈哈哈
哈哈哈哈哈哈
牛逼
略略略
厉害
！！！
哈哈哈
恭喜
2333333
恭喜恭喜
这句话过于真实哈哈哈哈
哈哈哈哈哈哈哈
恭喜
哈哈哈哈哈哈哈哈
恭喜恭喜
恭喜
恭喜！！！
恭喜
哈哈哈缺点全都不是遗传自己
哈哈哈哈哈哈哈哈
恭喜恭喜
很高兴，哈哈哈
啊啊啊恭喜我女神！！！
草语文99分牛批啊
恭喜
恭喜papi！
恭喜
哈哈哈哈哈
可我不是这样
我是以前的啊
我妈对我哥的儿子还是照样揍，因为他太皮了hhh
真实
哈哈哈
恭喜
哈哈哈哈哈哈哈哈哈哈哈哈哈哈
恭喜恭喜
"MD ,真实 无言反驳！！！！！！！！"
恭喜
哈哈哈哈哈哈
恭喜恭喜
恭喜恭喜
哈哈哈哈哈哈嗝儿
哦豁 真实
恭喜恭喜
恭喜
恭喜
恭喜
略略略
哈哈哈哈哈哈
恭喜
我想外婆了
？？？？？
真实
很高兴
恭喜恭喜
哈哈哈嗝
恭喜恭喜
裙裙真可爱
恭喜！
hhhhhhhhhhhh
恭喜恭喜恭喜祝母子平安
恭喜恭喜
恭喜恭喜
恭喜恭喜
其实这样的很不好，太宠了
恭喜恭喜
应该是长大了。？
恭喜恭喜
这个裙裙好像不太聪明的亚子
恭喜
恭喜恭喜
恭喜恭喜恭喜恭喜恭喜！！！！
我姥跟我妈是一伙的可还行
恭喜
这个好闹心
恭喜恭喜
#r恭喜恭喜
看见了鱼王！
恭喜恭喜
hahahaha
恭喜恭喜
啊啊啊啊啊！恭喜恭喜
恭喜
不太聪明的亚子
恭喜恭喜恭喜
哈哈哈哈哈哈哈太真实了
真实
恭喜！
恭喜
无中生友？？？？
恭喜恭喜恭喜恭喜恭喜恭喜恭喜
哈哈哈哈哈哈
恭喜啊
恭喜papi！
恭喜恭喜
恭喜！
恭喜恭喜~
恭喜恭喜
哈哈哈哈哈哈
好真实！！！
无中生友
恭喜恭喜
恭喜恭喜恭喜恭喜
恭喜恭喜
哈哈哈哈哈哈
这个眼神哈哈哈哈
恭喜恭喜
恭喜恭喜
恭喜恭喜
恭喜
恭喜
恭喜恭喜
恭喜！！！！！
吃饭不能看电视，会容易得胃病
恭喜恭喜
恭喜恭喜
恭喜！
说夸大的一点也不夸大好吗 很真实了 
弟弟奶奶的+1
恭喜恭喜
hhhhhhhhhhh
?????????????哈哈哈哈哈哈哈哈哈
哈哈哈哈哈哈哈哈哈
恭喜papi！！！！
恭喜
快着吧，你们小时候也不聪明，（狗头保命）
恭喜！
主权独立
恭喜恭喜。会的哈哈。那是同盟。对强势的反抗
过于真实
哈哈哈哈
恭喜恭喜恭喜恭喜恭喜恭喜
关系恭喜恭喜恭喜恭喜
哈哈真实
真实
恭喜
恭喜恭喜
哈哈哈哈哈
真实，wc
恭喜恭喜恭喜
恭喜恭喜
恭喜恭喜恭喜恭喜！！！
真实
恭喜。
恭喜
恭喜
恭喜恭喜
恭喜
恭喜恭喜
真实
恭喜恭喜
恭喜
恭喜恭喜！！
恭喜
不存在的朋友
恭喜恭喜呀
恭喜
恭喜恭喜
太真实了太真实了
看得好难受啊
恭喜！
哈哈哈哈哈哈哈哈哈哈哈
恭喜ヾ ^_^♪
恭喜恭喜
恭喜姜阿姨！
笑死
亲妈
恭喜
恭喜恭喜!
恭喜
太真实了哈哈哈哈
略略略略略略略略略略略略略略略略略略略略略略略略
裙裙好像吉尺亮哈哈哈哈哈哈哈哈哈
过于真实
恭喜啊，恭喜！
过于真实
太真实了
太真实了
恭喜恭喜
恭喜恭喜
嘿嘿嘿嘿哈哈哈哈哈哈哈哈哈
恭喜
hhhhhhhhhhhhhhhhh
感觉是有点后悔年轻时没耐心，对孩子太不温柔
关系和谐、、恭喜恭喜
来晚了恭喜恭喜！
不太聪明的亚子哈哈哈哈
真实
满分一百五？
恭喜恭喜
恭喜大咪小咪荣升哥哥姐姐
我看着好生气是怎么回事
这不就在你们家吗
哈哈哈哈哈哈哈哈哈哈
小猪佩奇哈哈哈哈哈哈
太过真实
无中生友
哈哈哈
恭喜
我刀呢 我要看疯了 越看越气
我小时候三大箱玩具有两箱都是我爷爷的买的
惯坏了
现在教训孩子 都要爷爷奶奶走开
太过真实！
哈哈哈
都气出羊的声音了
恭喜
这个最真实
演的过于傻气了吧哈哈哈哈
真实的有点过分哦
长大后我就成了你
是我弟跟我妈妈了...
冲着裙裙的表演 我觉得外婆是对的
这个裙裙怎么有点不太聪明的亚子
这个裙裙，，，，换我我也打
喜欢裙裙！！！
不太聪明的亚子
过于真实
恭喜！！！！
恭喜
真实
女生好可爱
恭喜恭喜
恭喜恭喜！
裙裙真可爱
不够深刻
一孕傻三年
哈哈哈
恭喜！！！你终于要当妈妈了
恭喜恭喜！！
恭喜
恭喜恭喜
前面的你戾气好重哦
因为没有生活的压力了
恭喜恭喜接好孕啊
你别说还真这么回事 我竟无言反驳
哈哈哈哈哈哈哈 你别说还真这么回事
恭喜
裙裙好可爱
太真实了
五年之后～群群：妈我瞎了。papi酱她妈：没事啊，再瞎五年
哈哈哈哈哈哈哈哈哈哈
真实
恭喜恭喜
真实
我妹和裙裙一模一样但外婆是我麻麻
怎么才能把我发的恭喜保存下来
太真实了
 恭喜！！！
真实
（高中单科年级第一表示确实 家里习惯了以后都见怪不怪。。奖励是不可能的
卧槽
恭喜
恭喜恭喜
真实
恭喜恭喜
攻。恭喜！！！！！
哈哈哈哈哈哈哈哈哈哈哈哈哈哈哈哈一模一样
恭喜恭喜！
恭喜恭喜
恭喜
哈哈哈哈哈哈哈哈哈哈哈哈哈哈哈哈哈哈哈哈哈哈哈哈
恭喜恭喜！
真实
投币祝贺
哈哈哈哈，生了以后就都会控制不住她们自己了哈哈哈哈哈哈哈哈
太真实了
我爷爷奶奶什么都能没给我呢
真实
不太聪明的亚子
一模一样哈哈哈哈
真实
真实
太真实了
恭喜恭喜
恭喜恭喜
恭喜
哈哈哈哈
恭喜恭喜
人家演的是几岁的小孩，肯定不太聪明啊……
哈哈哈哈哈哈
哈哈哈哈哈哈哈
恭喜恭喜
 桌子上有一本鱼王 
恭喜恭喜恭喜
恭喜！！
-+
恭喜
哎，长大了就爱吃饭了，就像我
啊啊啊啊恭喜papi！！！！
恭喜恭喜
恭喜
打得很高兴哈哈哈哈哈哈哈哈哈哈
恭喜papi!
看哭了……
太真实了
不敢玩会挨打的
傻得很
恭喜！
恭喜
恭喜恭喜！
笑容逐渐凝固
一年级语文丢分???
就玩亿下下
恭喜
这句话喜崩
恭喜哈哈哈哈哈哈哈哈
那妈妈当年的外婆呢？
放假到现在一直在玩手机的我不敢说话
看他喜欢的动画片，他说个屁话。
这个群群演的可能是那种五岁左右的小孩子
真……tm真实
？？？？我是最后一个知道的？
恭喜恭喜！！！
恭喜恭喜
恭喜
哈哈哈哈哈哈
一模一样
哈哈哈哈哈哈哈哈哈哈哈哈哈哈哈哈哈哈哈哈哈
恭喜！
群群好可爱www
裙裙也太可爱了吧
真实
真实
过分真实
恭喜
草真实
一模一样！
笑死我了
恭喜
群群看着不太聪明的样子
？？？？？？
上海人
不知道为什么我居然有点想哭
随两个硬币给孩子当压岁钱
恭喜恭喜
哈哈哈哈哈哈哈
真实
？
对对对
熟悉的味道哈哈哈哈哈哈
裙裙超可爱
人间真实
草，真实
太真实了
真实
恭喜
太真实了叭
恭喜ヾ ^_^♪
哈哈哈哈哈哈
一模一样
？。？
哈哈哈哈哈哈哈太真实了
内容过于真实，真的就是这样啊，，，对于后辈是无底线的包容
太真实
你说的这个朋友她到底是不是你自己
哈哈哈哈哈哈哈哈
哈哈哈哈哈哈哈哈
恭喜恭喜
无中生友
666
无中生友
。。。
恭喜恭喜
气死
爸爸背锅太真实了
小猪佩奇
哈哈哈哈哈哈哈哈哈哈哈哈哈哈哈哈哈哈哈哈哈哈哈哈哈哈哈哈哈哈哈哈哈
一个个娇生惯养的
那件衣服啊哈哈哈哈我妈同款
恭喜恭喜
恭喜恭喜
wc，真实
哈哈哈哈哈哈哈哈哈哈哈哈
？？？？？
真实
群群好可爱
不太聪明的亚子
？？？
卧槽
这个不一样
真实
哈哈哈哈哈哈
真实的一批
动脑可还行。。。
真实
真实
噗哈哈哈哈哈哈一年级
这也是熊孩子形成的一大原因
真实
哈哈哈哈哈哈哈哈哈哈哈哈
恭喜恭喜恭喜
人间真实
我去太真实了
太真实了
有一说一，半个小时确实没多久
这裙裙也太可爱了吧！
群群太可爱了
真的真实
哈哈哈哈哈哈
哈哈哈哈哈哈哈哈哈哈哈哈哈哈哈哈哈哈哈哈哈
真实
不太聪明
真实
你这个态度，还读书呢，没大没小的，不说多话了是吧？
你什么态度啊！读书读坏了是吧？没大没小的！你这个样子读书有什么用！
真实
太真实！！！
哈哈哈哈哈哈哈哈哈我妈也是
哈哈哈哈哈哈哈哈哈哈
过于真实
恭喜啊
恭喜！！！！
过分真实
看着是真的气
哈哈哈哈哈哈哈怎么我家谁都对我严厉啊
我好想打她
隔辈亲
哈哈哈裙裙笑死我了
哈哈哈哈哈哈哈哈
哈哈哈哈哈哈
真实了靠
恭喜恭喜
恭喜
哈哈哈哈哈哈哈哈
真实
我去太真实了
裙裙好可爱
我姥姥只会训我
我外婆只会训我
一年级的我语文十几分，数学满分
恭喜
我奶奶跟我妈妈一伙的……
卧槽太真实了
我外婆就很凶，哈哈哈哈
恭喜恭喜
恭喜！恭喜！
太太太真实我外婆都说过
裙裙好看
哈哈哈哈哈哈哈哈哈哈哈
心疼
不说话也不吃饭
哈哈哈哈哈哈哈哈哈
哈哈哈哈哈哈哈哈哈
哈哈哈哈哈哈哈哈哈哈
我的马呀太可爱了……
我也就好小好小的时候见过外婆，但是现在已经不记得了，外婆也走了
哈哈哈
哈哈哈哈哈哈哈哈哈哈
真的真相了
买个猪还行
精分现场
恭喜恭喜
笑死我了
真实
小学一年级95分以上 中间没学习 然后五六年级被打了一顿又回到90分以上了。。。。。
恭喜恭喜
太真实了
真实！
真实
语文跟英语能一样吗
恭喜恭喜
恭喜
Papi生了恭喜！！
痛死了的iphone
生了！恭喜
你生了！！！！
卸货了，来考古
我的好真实我丢
真实 这个是我妈了
哈哈哈哈
？？？
真实真实
hh
真实
是我！！！
真实
恭喜恭喜
我是野猪佩奇
小猪佩奇
裙裙好可爱
裙裙好可爱
没有想你，看小猪佩奇
哈哈哈哈哈哈哈哈哈哈哈哈哈哈哈
真实
真实
打的很高兴hhh
佛了
-++-
真的很烦这样的长辈
吼的时候太真实 同一个妈
我奶奶就是扣到极致的那种
恭喜
哈哈哈哈哈哈哈哈哈哈哈哈
哈哈哈哈哈哈哈哈哈哈哈哈哈哈哈哈哈哈
哈哈哈哈哈哈哈哈哈哈哈哈哈
哈哈哈哈哈哈真实过分真是
？？？？
爸爸风拼被害
？？？？？！！！！！！！
恭喜恭喜恭喜
太真实了
。。。。。
。。。。这就是为什么不想跟长辈住
???
打少了可太好笑了哈哈哈哈哈哈哈哈哈
真实
太真实太真实哈哈哈哈
太真实了
哈哈哈哈哈哈哈哈哈哈哈哈哈哈哈哈哈哈哈哈哈哈哈哈哈哈哈哈哈哈
哈哈哈哈哈哈哈哈哈哈哈哈哈哈哈哈哈哈哈哈哈哈哈哈哈哈哈哈哈哈哈哈哈哈哈哈哈哈哈哈哈哈哈哈哈哈哈哈哈哈哈哈哈哈哈哈哈哈哈哈哈哈哈哈哈哈哈哈哈哈哈哈
挖槽，真实
高可爱
哈哈哈哈哈哈哈哈哈哈哈哈哈
真实
作为一个姐姐，我大我妹妹十岁，我妈打我妹不行，可我可以
恭喜恭喜
裙裙好看
哈哈哈哈哈我奶奶也这样说
哈哈哈哈哈哈哈哈
哈哈哈哈
恭喜恭喜
经典双标！！
不太聪明的亚子
哈哈哈哈哈
恭喜
我气了我气了我气了
恭喜啊啊
真实啊
好真实
太真实
哈哈哈哈哈哈哈哈哈
隔空玩手机可还行hhhhhhhhhhh
？？？？？？？
哈哈哈哈哈
真实
太真实了
真实！
太真实了
神还原小时候家里情况
太真实了
真实了
恭喜
真实
不大不大，也就十几岁的丫子
哈哈哈哈哈哈哈哈哈真实
哈哈哈哈哈哈哈哈哈哈哈哈哈哈怎么感觉还挺对
哈哈哈哈哈哈哈哈哈哈
打得很高兴哈哈哈哈哈哈哈哈
哈哈哈哈哈哈哈哈哈哈哈哈哈哈哈哈哈哈哈哈哈哈哈哈哈哈哈哈哈哈哈哈哈哈哈哈哈哈哈哈哈哈哈哈哈哈哈哈哈哈哈哈哈哈哈哈哈哈哈哈哈哈哈哈哈哈哈哈哈哈哈哈哈哈哈哈哈哈哈哈哈哈哈哈哈哈哈哈哈哈哈哈哈哈哈哈哈哈哈哈
真实
太真实了
哈哈哈哈哈哈哈哈 过于真实
裙裙好可
买那个佩
卧槽气死我了
真的挺佩奇的这表情
哈哈哈哈哈哈哈哈哈哈哈哈
？？？？？？？？？？？？？？
演技爆炸哈哈哈哈哈
裙裙好可爱
真实
裙裙声音太可爱了把！！
对对对这个好真实
恭喜！！！！！！！！！！！
过于真实
真实
哈哈哈哈哈哈
真实
太真实了吧
恭喜恭喜 你会在事实前妥协的
哈哈哈哈哈
真实
好真实
过分真实
太真实了
恭喜
恭喜恭喜
裙裙怎么回事哈哈哈哈哈哈哈哈哈哈哈哈哈哈哈哈哈哈哈笑死我了
太真实，特别是我妈也穿类似的小背心哈哈哈
哈哈哈哈
恭喜恭喜
人间真实
哈哈哈哈哈哈哈哈哈哈哈
哈哈哈哈哈哈哈哈
哈哈哈哈哈哈哈哈哈哈
哈哈哈哈哈哈哈哈
哈哈哈哈哈哈哈哈哈哈哈哈
哈哈哈哈哈哈哈哈哈哈哈哈哈哈哈
ViZXiang
哈哈哈哈哈哈哈哈
我也没奖励
真实
.真实
裙裙可爱
真实
？？？？？？
打的很高兴是怎么样的
哈哈哈哈哈哈哈哈哈哈哈哈哈哈哈哈哈哈哈哈哈哈哈哈哈哈哈哈哈哈哈哈哈哈哈哈哈哈哈哈哈哈哈哈哈哈哈哈哈哈哈哈哈哈哈哈哈哈哈哈哈哈哈哈哈哈哈哈哈哈哈哈哈哈哈哈哈哈哈哈哈哈哈哈哈哈哈哈哈哈哈哈哈哈哈哈哈哈哈哈
真是
巨真实
过分真实
一年级我没考一百就哭
哈哈哈哈哈哈哈哈哈哈哈哈哈人间真实
对不起我要关弹幕了
巨tm真实
真实
打得很高兴哈哈哈哈哈哈哈哈
真实
哈哈哈哈哈
我和我妈对待我弟
有道理
？？？？？？？？？？？？？？？？？？？？？？？？？？？？？？？？？？？？？？？？？？？？？？？？？
哈哈哈哈哈哈哈哈哈
哈哈哈哈哈哈哈我不记得了
哈哈哈哈，xswl
？？？？？？？
我妈就这样哈哈哈我还上着大学呢我觉的我妈年纪越大对我越宠哈哈哈哈
太真实了！
哈哈哈哈哈哈
怎么做到全国统一的
哈哈哈哈迷惑行为
真实
太恐怖了一毛一样
溺爱啊
下次投屏玩
嘿嘿裙裙好可爱
真实
祖安兄弟们来活了
哈哈哈哈哈哈
这真的对孩子眼睛不好！！
恭喜恭喜，恭喜前方高能
hh
真实啊
1
裙裙真实
吾辈楷模
这不是去幼儿园的车，我要下车
这熟悉的op
兄弟，你绿了
真实
太有感觉了！看了视频简直就是解气
哈哈哈哈哈哈哈哈哈哈哈哈哈哈哈哈哈哈
啊这
无中升友
裙裙真可爱
哈哈哈哈哈哈哈哈
恭喜
真实
小孩子真的不要多玩手机，我表妹六岁，眼角膜就长了个东西，由于看手机而且经常哭，现在必须要换眼角膜
真实
我姥姥实锤了
哈哈哈
恭喜恭喜
什么鬼
好真实。。。。
哈哈哈哈哈哈哈哈哈hhhhhh
哈哈哈哈哈哈哈哈哈哈起风了
我要是這樣我奶奶和我爸媽一起揍我哈哈哈哈哈
真实
裙裙不错
哈哈哈哈哈哈哈
哈哈哈哈哈哈哈哈哈
猪的语气绝了，一模一样
对！我妈打我打的非常高兴！
要不是为了让父母过好生活，我还学个屁
好真实
哈哈哈哈哈哈哈
哈哈哈哈哈哈
哈哈哈哈哈哈
哈哈哈哈笑死了
代入感太强了 已经气到了
哈哈哈哈哈哈哈哈哈哈哈哈哈哈哈哈哈哈哈
哎呦呦呦好真实！！！！！！！
真实
就很真实
恭喜
真实
像极了我和我妹
哈哈哈哈哈哈
真实
真实
一年级一百才对的吧……
？？？？？？？？？？？？？？？？？？？？？？
可爱
小孩子演的好哈哈哈哈哈哈
我妈
我嫂子和我大姑……
哈哈哈哈好可爱
溺爱真不行啊
？！
真实
好真实
太真实了
哈哈哈哈哈哈
回家了回家了
哈哈哈
一模一样哈哈哈哈哈笑死我了
过于真实
papi酱模仿的好像啊xswl
太真实了
哈哈哈哈哈哈哈哈哈哈
打的很高兴，哈哈哈
一年级这个分数正常，除非是同学改成绩不会改瞎打
哈哈哈哈哈哈哈哈哈哈哈哈
气死我了
帅
穿校服好帅
恭喜
打的很高兴笑死
哈哈哈哈哈哈哈
哈哈哈哈哈哈气死了
好真我弟弟就是这样
太溺爱太惯着她了
好真实
太像了
人间真实
已经开始生气了虽然我还没有孩子
哈哈哈哈哈哈哈哈哈哈哈哈哈哈
d哈哈哈打的很高兴
真实
？？？？
裙裙哈哈哈
已经开始生气了
感觉就是对自己的肯定，对儿女的不信任，孙子稍微做得好就觉得特别好
还没出来就已经开始了
哈哈哈哈哈哈哈
过分真实，数学年纪第一我妈也这么说
草真实
哈哈哈哈哈哈哈哈哈哈
哈哈哈哈哈哈哈哈哈哈哈哈哈哈哈哈
哈哈哈哈哈哈哈哈
确实
哈哈哈哈哈哈哈哈哈哈哈
哈哈哈哈哈哈
过于真实
真实
哈哈哈哈哈哈哈哈哈
哈哈哈哈哈
真实极度真实
过于真实
父母对老大和老二的区别也跟这个一样
一年级考99很简单啊，我小学就没下97。
我爸妈从来不惯我儿子
nt家长
哈哈哈哈哈哈哈哈哈哈
但是时代确实变了，且一定在变好，下一代要比上一代少吃苦
这里倒不是这样的，玩手机还是可以达成共识
好真实
对对对，太真实
红字你错了因为是自己的小孙女所以更加爱她，难道你觉得外婆不爱妈妈吗？？
哈哈哈哈哈哈哈
确实不一样
已经开始生气了呜呜呜呜呜呜
因为对第三代没有教育义务
发现裙裙长的好像爆笑虫子里的red啊hhhh
裙裙裙裙！
要不要脸
呜呜呜裙裙好可爱
群群好可爱————————
DNA动了……
太真实了
群群好可爱 表情到位
哈哈哈哈哈哈哈哈哈哈哈哈哈哈哈哈哈哈哈哈哈哈哈哈哈这个逻辑没毛病
我堂弟一年级还在不及格呢，这样已经很好了
外婆同款马甲20年。。
不考虑从小锻炼一下multitasking吗
别骂了别骂了
你小时候有电视吗？
有老人在孩子没法管了
哈哈哈哈哈
打得很高兴，哈哈哈哈
佩奇
谢谢，血压上来了
血压高了，代入感太强要生气了
没被一巴掌打死已经很不错了2333
超，气死我了
小学99很正常
背景音是小猪佩奇哈哈哈哈哈哈哈哈哈
过于真实
没广告太棒了
哈哈哈哈恭喜～
裙裙好会演！！
我可太特么烦 你什么态度啊 这话了！！！！！！！！！！
一塌糊涂 精髓了 
我姥不让我玩
漫画党震怒
想当年我一年级语文不及格
买个猪笑死了23333
papi酱也是扁头
人间真实
哈哈哈哈哈哈哈哈哈哈哈哈哈哈哈
啊啊啊啊啊啊啊气死了
bilibili
长大以后，我就变成了我小时候“最讨厌人的样子”！
长大以后，我就变成了我小时候“最讨厌人的样子”！
怪不得生完孩子血压是双倍高
一年级没有考试。
我靠这个一模一样
一年级不是应该满分吗
太真实了哈哈哈哈哈
另起一个话题:妈妈和外婆的教育理念冲突
投个份子钱
裙裙傻乎乎的太传神了
我吃饭是要看电视的 吃的慢真的只是因为我单边咬牙口不行
我就是记仇
我会得到奖励哈哈哈哈
真的太真实了
""
