1
来学习啦
中国
加油
法案，美国凭什么出台
美国真的是。。。
测试
严肃
好气
支持！
弹幕呢
。。。。
1
1
中国
那群暴乱的恐怖份子，必须绳之于法
不得干涉
感觉康辉也生气了
认真看
真的是贼不要脸
让我康康康康
来补课 
*1
卖国可耻
支持
美國
*2
认真听，真正看，发弹幕这个时候不是必要的
勿谓言之不预也！
*3
学习
好!
说得好！
no face usa
学习学习
还能发弹幕 可以
米国过分了
险恶图谋！！把戏！！
转发啊，为什么点赞是转发的十倍
坚决反制！
支持
好严肃的在念新闻，和velog不一样
凶巴巴的表情
加油啊中央
好气啊好气
中国人民万岁！中国人民万岁！
勿谓言之不预也！
虚伪
老美老套路了
严肃
美国政府就是看不得人好。
勿谓言之不预也
中国必胜!!!
哪有什么为什么
好!
别说康辉了，换谁能不生气
支持
对
对！！
3
4
？
中国加油
美国就是蛮干
9分钟
我家事儿你不要管
米国
好久没这么认真看新闻了
狡诈恶毒之徒
那肯定生气啊，谁不气啊？
美国兄弟，听说你很嚣张？
米国OUT！
中国！
祖国万岁
严肃
帥啊
勿谓言之不预也
勿谓言之不预也，空降指路9分12秒
前来学习
希望美国堕落
󾓭󾓭󾓭
美国真的低级
美利坚合众国就爱搞这些
看得出来康辉老师越说越生气
勿谓言之不预也
说得好
美国:双标，我们专业的
美国好好治治地铁吧
说得好
掀开它的遮羞布，
感觉康辉念出来都好气
中国万岁，中华人民共和国万岁!!忠于党!!!
美国雷声大雨点小
美国就是跳梁小丑
好！
悬崖勒马
严肃
卖国可耻
表情很严肃
支持
支持
必须顶
大事都是康辉来报道
中国
中国加油
中国加油
悬崖勒马！
对我们是微笑 对敌方就是得严肃
支持
美国不要脸
对
触目惊心
一群小丑罢了
美国的下坡路要开始了，资本主义必然灭亡
美国臭不要face
我国内政不容干涉
中国
好气哦
干涉中国内政的法案就是废纸一张！！！
干涉中国内政的法案就是废纸一张！！！
勿谓言之不预
中国万岁！国土不可分割！
不知好歹
？
他们都已经不是人了好吧
老美到处惹事，我觉得要开始走下坡路了
勿谓言之不预也
严重！！！
米国是指英国   
悬崖勒马，警告⚠️
恕我直言，美利坚我*****
美帝浑蛋
犯我中华者 虽远必诛
双标了 美
犯我中华者 虽远必诛
跟你们美国有什么关系
确实过分了！
犯我中华者 虽远必诛
犯我中华者 虽远必诛
犯我中华者 虽远必诛
犯我中华者 虽远必诛
义正言辞
犯我中华者 虽远必诛
小姐姐好好看
美国弟弟
那个叫颧肌。。。
勿谓言之不预也
点赞
美国真实人面兽心
我爱祖国
十二连发
犯我中华者，虽远必诛
十二连发
中国万岁！！
康辉的咬肌好醒目
犯我中华者，虽远必诛
好
严肃
美国真的是毫无底线！
**********
康辉老师地咬肌好帅呦
美国佬需要教育
卖国可耻
老美就想打仗，好通过军事手段进行掠夺
国家主权不容侵犯
加油中国
不可告人的！！
说得好
以美国这度量，多行不义必自毙！！
14分钟。。。
只能分享给好友，动态不行
美国急了
任何外部势力不得干涉
好
米国与美国同义，在翻译时由于译者有口音而形成差异
老美就在那作，
美国做事脸都不要
美国有什么资格啊，管真宽
美国
✘✘✘✘✘✘✘✘✘✘✘✘✘✘✘✘
自食苦果
米国是美国，因为二战后对日本的支援，被日本叫米国
勿谓言之不预也
顶中国
日语美国就叫米国
。。。
惹谁不好，惹中国
中国万岁
加油，中国
美国必然灭亡
此次高能
这熟悉的台词
美国真是咸吃萝卜淡操心
顶起来
都在憋着怒气念的
美国的下坡路已经开始了，尤其是我们的川普同志上任后
无条件支持国家
虚伪
犯我中华者虽远必诛
勿谓言之不预！
老美是不是吃饱撑着了？
泯灭人性！
美国长臂猿
特朗普：论双标，我可是受过专业训练的［小手指］
中国！
严重警告
垮掉的美国
支持！
中国
老铁们支持哈
这都说明明的了
哦哦哦
就是因为我们中国强大了这些小丑才慌了
不要脸
不可辱国
要不是职业素养早就用各种词汇开骂
美国给爷爬
颠倒是非 令人作呕
说的没错
你回来了啊
中华人民共和国万岁
支持新闻发言人
中国加油
下唇方肌吗
那个是咬肌吗  脸颊两边那两坨肉肉
中国加油
米国是日语，就是美国的意思，べいこく
犯我中华者 虽远必诛
相比于其他国家 美国已经在走下坡路了
以免引火烧身！！！
犯我中华者 虽远必诛
双标
任何外国势力不得干涉！
好!
脸的两侧怎么鼓鼓的。
犯我中华者 虽远必诛
中国万岁
美国简直不要脸
悬崖勒马
美国这是第几次了
司马昭之心
犯我中华者虽远必诛
美国哪里来的自信，我们国家的事和他们有啥关系
中国加油破音！！！
空降九分钟
非要作么
康辉
勿谓言之不预
勿谓言之不预也
勿谓言之不预也
顶
山姆老弟 你怎么回事？
自己都管不好，还对别人指手画脚。还想扰乱别人节奏。
无谓言之而不语也
空降九分钟
我爱中国
美国不要face
美国太过分了，气愤，中国人忍不了
支持
美国弟弟
令人作呕
说到底，还是美弟怕中国崛起
美国是最卑鄙的国家。就是强盗。自己干啥都对别人干啥都不对。。
美国还是太嫩了
加油啊同志们
我真没见过脸皮这么厚还没有自觉的
勿谓言之不预也
令人喷饭
内政不容干涉
美国政府真无耻
美国黔驴技穷了吗，开始犯浑了
勿谓言之不预也
不可告人的 
“米国”简称诞生于此
9.14   勿谓言之不预出现
口吐芬芳
美国真的…无语…有病吧美国
勿谓言之不预也
可以
犯我中华者，虽远必诛
来，我们开个会讨论一下隔壁家吃什么馅的饺子
顶
我家的事情凭什么你家来管？？？
美国现在是很脆弱的，只是还没到那个临界点，或者还差一个导火索，资本主义的经济已经走上死胡同了，因为钱社会矛盾已经最大化，除非富人能放弃他们的大部分财富，这根本不可能
说一千道一万，相信国家，做好自己的事
反制
引火烧身，自食苦果！
爱国光荣
引火烧身
大家都很生气
消消气
中国人民共和国万岁
都很生气！
美国？  给他脸了  
悬崖勒马
！！！！！
美国经常打反恐的旗帜干其它事情
支持支持
我想参军了……
中国内政不容外国干涉！
什么事都有美国插手
粗鄙之语
坚决维护国家主权 安全 发展利益！
送给美国一个国际手势
美国快完了
别叫美国了叫丑国
不可理喻的表情
都一次看到他这么严肃
犯我中华者虽远必诛
贼嫌弃¬_¬｀的表情
我半夜也在看
有病 气死了
表情到位
就是
是..真 的  不要脸
美国太虚伪了！！！！
以免引火烧身！！！
勿谓言之不预也！！！
中国加油！！！！
看不得中国越来越好，就玩这种事，美国真的低级，low！
铿锵有力
种花家万岁
这话说的，提气
中华民族不容恶意侵犯
踏踏实实都看完吧
+1
美国这么作孽离解体不远了
美国亡国了吗？到处管别国的事？
爱我中华！
丑国
怼他不香嘛
给力
跟他有什么关系！！他凭什么，！
支持
。
终于
支持
美国就是见不得我大中华好，他是嫉妒
梓萌
支持
反制是关键
就是挑事儿玩，干涉他国内政
中国我爱你
卑鄙美国
勿谓言之不预也
苹果肌
臭不要脸，美国
支持！
回来了！？
中国万岁
哈哈哈哈对
中国人民必须团结一致
气坏了
支持！
美国这次连脸都不要了！
勿谓言之不预也勿谓言之不预也
中国加油
气死我了
打错了，是不然
来了来了
美国臭弟弟
我寻思着处理家事跟外人有嘛关系
中华人民共和国万岁
这美国人真不要脸
弟弟行为举止
美國自己國內沒事情做了嗎，一個勁的管別人
太过分
中国人民万岁！
梓萌和康辉哈哈哈最喜欢的两位
？？？？
弟弟行为
好想一巴掌乎美国脸上
犯我中华者虽远必诛
勿谓言之不预也
手太长
中国不容侵犯！
美国迟早要完
是美国政府
犯我中华者虽远必诛
悬崖勒马
一意孤行
我家的龙尾巴，什么时候轮到你来指手画脚了啊？老美？
霸气
哈哈哈哈哈哈哈哈哈哈
哈哈哈哈哈哈哈哈哈哈
悬崖勒马
花栗鼠康康
勿谓言之不预
支持
中国加油
山西人民致电  坚持祖国统一
山西人民致电 坚持祖国统一
这表情
勿谓言之不预也
犯我中华者，虽远必诛。
说的太过瘾
这也太过分了吧
啊啊啊啊啊我爱中国!!!!我是中国人!!!
美国要没落了
美国：我不要脸还需要证明吗？
中国万岁
美国你们很闲么？管好自己吧
弟弟行为
勿谓言之不预
中国
硬气
真的，就康辉能说出这种气势。赞
国家繁荣，民族昌盛
这是一集吗
美国真是不要脸
加油奥利给
直接到悬崖勒马了。。
666
勿谓言之不预也！！！
怼他…
坚决维护主权
中国加油 
犯我中华者虽远必诛
中国内政不得干涉
这事谁说谁气！
美国这是在玩火
真的很过分
美帝全球霸权主义早晚有一天会自食其果的
勿谓言之不预也
说出来你都不信，我竟然在b站看新闻
说得好！！！
就很气
为祖国点赞！
特朗普的作风只会让美国灭亡
可恶的美国
康康的松鼠肌
美国这个操作好好笑噢
双重标准
米国是美国嘤国才是英国
勿谓言之不预也！！！
说的好
臭不要脸的老美。。。
？？？？？？？
美国通过？关你美国什么事？
对
康辉老师很生气
美帝不要face
美国已经在殊死挣扎了，已经是夕阳红了
。
暴力犯罪分子！！！
肃然起敬。
美国何来权利！
美国真的是恬不知耻不要脸
支持祖国
我大中国威武
空降8分50秒
臭不要脸 美国
康辉
？
弹幕弹幕
这个主持人脸上感觉是满满的不爽
中国领土神圣不可侵犯
康辉老师眼中都有怒火了
就喜欢半夜看新闻
+.
勿谓言之不预也
要脸？
现在国家强了，怼美国怼的真爽
真是弟弟
这段说的挺狠的了
险恶图谋
就是给脸了 
犯我中华者虽远必诛
支持
中华民族万岁！中华人民共和国万岁！
美国不这样就不叫美国了，世界强盗
中国！加油！！
极端虚伪！
美帝的狼子野心昭然若揭
美国什么时候没堕落过吗
美国你不配！
没错！
平时播报都是面带微笑的，现在已经明显感觉到严肃与愤怒了
中华人民共和国万岁！
弟弟美国
中国万岁
犯我中华者，虽远必诛
特朗普之心路人皆有之
美国这次是明目张胆的挑衅了
成语打击
险恶用心
进度条恐怖
中国占上风，美国气急败坏
奥利给
奥利给
支持！！！
标重点，前所未有
中国万岁
中国加油
米国是美国 日本的翻译是米利坚
康老师生气了
怼他
中国，中国
想对老美说：雨女无瓜
美国真是莫名其妙的，一点脸不要呢！
管的宽  管到别人家了
勿谓言之不预
让人愤慨
不可告人=路人皆知
美国唉。。。
美弟行为
美国药丸。
一个中国
康辉表情很愤怒
美弟行为
此生无悔入华夏！
美国是世界流氓。看到别人繁荣就不舒服。
美国这是在玩火啊
双标怪
挑衅
犯我中华者，虽远必诛
康辉平时看着很平易近人的，这次真的能感觉到有愤怒在里面
美国应该改名为丑国
犯我中华者 虽远必诛
关你老美什么事？中国的事你管得着？
一点脸都不要
小松鼠
极端虚伪的美帝
勿谓言之不预也
爪巴 美国
？
就是因为美国治不了自己的病，才会全球制造动乱，企图阻止新兴势力发展
嚯，这么直接吗
勿谓言之不预也
犯我中华者虽远必诛
干涉？它也配？？
美国需要一个走向末路的契机！！
美国不配
勿谓言之不预也
坚持祖国统一
他们有什么权力可以给别的国家出法律？？？
米国弟弟行为
阴险小人美国
呲呲
这说的很明白了已经
犯我中华者虽远必诛！
多行不义必自毙
1
犯我中华者虽远必诛！
完了 康老师生气了
说米国是英国的xswl
新闻联播的时长代表重要性
中国万岁 党万岁！
中国万岁！
犯我中华，虽远必诛
中国红！
湖南人民致电，祖国统一
毫无原则的双重标准
犯我种花家，虽远必诛
中华人民共和国万岁
说得好！手伸得这么长，真当自己是世界警察了
勿谓言之不预也
禁止干涉内政
纯弟弟行为
？？？？？
悬崖勒马！
真的是弟弟行为
这表情很到位
别以为我们好欺负！
*
支持国家！
密切相关，这等于已经挑明了说了啊
美国已经衰退了这种下三滥招数会越来越多
美国完了，缺乏基本道德
引火烧身！自饲苦果
美利坚闭嘴！！管好自己的事，手别伸到我家里来！！
美国这种下三滥的手法用了不止一次两次了
美国的嘴脸真的是越来越丑恶了！什么阴损搞什么，真是大国的脸皮和尊严都不要了
支柱中央决策！！拥护国家主权不动摇！！主权侵犯零容忍！！！
勿谓言之不预也！
自以为是的老美
为了祖国
美国脸皮真的厚，，，
勿谓言之不预也
勿谓言之不预也！
美国是不是有病
犯我中华者，虽远必诛
勿谓言之不预也
小姐姐叫李梓萌
哭哭惹
美国有什么权利通过别国管理法案？
勿谓言之不预
有技术了就是硬气
没毛病，我也是这个意思
不久后，世界第一大强国是中国
我家事关外人什么关系？？
中国加油
11  21
11  21
警告⚠️⚠️⚠️⚠️⚠️⚠️⚠️⚠️⚠️⚠️⚠️⚠️⚠️⚠️⚠️⚠️⚠️⚠️⚠️⚠️⚠️⚠️
中国内政不容任何国家干涉
美国越来越不要脸了
李梓萌
做人不要太美国
美国真不配
犯我中华者，虽远必诛
他们也配
xxxxxxxxx
世界警察（✘）世界流氓(✔)
中国，第一
这发型好好看啊，喜欢喜欢。
美国的发展就是建立在搞乱他国，从中渔利的强盗逻辑
我在哔哩哔哩看新闻成就达成
支持支持支持
美国好烦人
勿谓言之不预也
美国真的是，服了，真的闲也是欠
美国的弟弟行为
任何外国势力不得干涉
一来就看到这个
支持
勿谓言之不预
美弟主义
勿谓言之不预也
厚颜无耻
所谓
支持祖国
?
美国自己的事都弄不完
坚决维护祖国统一
勿谓言之不预也
双标的美国唉
对
犯我中华者 虽远必诛！！！
犯我中华者 虽远必诛！！！！
支持我们国家的决定！！！
美国没有自己的国家吗，颁布别人国家的法律？
中国加油
十四分钟
康哥的咀嚼肌好发达
？？
……
21号早上
支持
12个镜头切换
惹火烧身，自食其果
12连发
美国总是把自己当上帝，上帝早晚要跟他开玩笑
中国！加油！
支持祖国
祖国万岁！
国家繁荣，民族昌盛
犯我中华者虽远必诛
悬崖勒马
犯我中华者，虽远必诛
坚决反制
丑话放前头
美国呵呵
跳梁小丑
犯我中华者，虽远必诛
河南致电，只有一个中国，犯我国土，虽远必诛
真是太平洋警察
中国加油
美国弟弟
顶顶
中国无敌
过分了老美
勿谓言之不预也   在9:02
不要忘了，美国是强盗起家的。
治不了自己只能扰乱别人
勿谓言之不预也 在9:02
犯我中华者，虽远必诛。
勿谓言之不预也！
呵呵
空降提示:08:58
中华人民共和国万岁
越看越生气
犯我中华者虽远必诛！
美国堕到尽头了
做人不能太美国
做人不能太美国
做人不能太美国
双标真相了
勿谓言之不预也！！！！！！！！
真的气啊
勿谓言之不预也
Hi
韵味
支持祖国
美国厚颜无耻
美国真是邪恶
美国就是颠倒是非黑白以达成自己的密谋 
美国这个世界小丑
极端虚伪！
双重标准
勿谓言之不预也
江苏致电全国，世界上只有一个中国
！？？？
过分
不如说美国，根本没有底线
8：15（节省一下，空降坐标）
警告⚠⚠！犯我中华者虽远必诛
勿谓言之不预也
犯我中华者，虽远必诛
双标
达成成就：我在b站看新闻联播
我们都生气
自己都管不好，还来管我们
老美简直是流氓
美国做事简直可笑
世 界 警 察
把美国丢进垃圾桶，这个世界就和平了
令人喷饭
令人发指
中国加油
???
虽远必诛
美国有病吧
可耻可笑
资本主义不行了啊
勿谓言之不预也
双重标准
勿谓言之不预也
勿谓言之不预也
犯我中华者，虽远必诛
中华人民共和国万岁！！
三连
做人不能太美国
生在中国是多么幸福的一件事
说的太好了
犯我中华者虽远必诛
悬崖勒马
乱我中华者，虽远必诛
勿谓言之不预也
米国自己都管不好自己
支持
赞
米国自己都管不好自己。
顶
康老师这水平真的是高，新闻不一样，眼神都不一样
极端虚伪
悬崖勒马，勿谓言之不预也！
勿谓言之不预也
发狠话了
说得好！
美国给爷爬
中华文化博大精深
辉哥好帅。
。。。
奥利给
双标
令人发指
祖国万岁！！
勿谓言之不预也
小姐姐生气了
好长
勿谓言之不预也！
坚决反制
勿谓言之不预也，在9:00左右
新闻联播啥时候上线
感觉康辉老师感觉都快拍桌子了
没错！
勿谓言之不预！！！
昨天看的热血沸腾
米国最虚伪，
它没自信了，它感觉危机了，然后就使绊子
气死我了
勿谓言之不预也!
犯我中华者，虽远必诛
必将徒劳，自食恶果！
？
我想对美国说:我从未见过世间竟有你这等如此厚颜无耻之国。
？？？？？
勿谓言之不预也
昨晚我看了
勿谓言之不预也
犯我中华者，虽远必诛
美国真是无耻
美国真是无耻
犯我中华者 虽远必诛
美国这种不大气的国家早晚完蛋
犯我中华者，虽远必诛
想想看美国那边的游街
勿谓言之不预也
美国最近还不够忙？
美国一天天的
让一个商人当总统，美国也是准备凉了啊
美国佬坏的狠。
康辉大大的咬肌太发达了
勿谓言之不预也
乱国者当诛
乱国者当诛
中华人民共和国万岁
我接着讲！
我是中国人 我爱中国
说一遍不听 两遍不听  第三遍打他不就完事了  我们已经不是以前的那个中国了 
为什么会升级
支持
哈尔滨人表示出离愤怒！
说得好
犯我中华者，虽远必诛
犯我中华者，虽远比诛！！！
特朗普控制不了国会
喜欢康辉
祖国万岁
统一祖国
我男神！！！！
勿谓言之不预也
犯我中华者，虽远必诛
勿谓言之不预也
美国胃口真大，到处挑事
美国可能想被黑名单
美弟膨胀了
美国还有一海外反垄断法。。可以了解一些，更无耻
美弟膨胀了
美弟
美国给其它主权国家立法？这是要笑死全球人民吗
勿谓言之不预也
虽远必诛！！！
它也配？
弟国主义
小美美解体是早晚的事情我坐等哈哈哈哈哈哈
来康康康康
小美美解体早晚的事
勿谓言之不预也
美国，呵呵呵，先照顾好自己美丽的风景线好吗
勿谓言之不预也
弟弟行为
中华民族
划重点，政治要考
11
5000人再看
打到资本
我就想问到底在等啥
再来一遍
犯我中华者，虽远必诛
勿谓言之不预也
来宾的等等我↖
勿谓言之不预也
美国真是可笑
中央
中华民族天下第一
英美
小姐姐生气了
支持国家，支持港府
玩弄双重标准 
松鼠的那个站住，过分了啊（笑哭）
美国干的这叫人事儿？
虽远必诛
五个月
涉及主权问题，中国人是会拼命的
刚刚那个提四川的，请不要在这样的严肃场合给四川抹黑，谢谢
虽远必诛
美国就像一只苍蝇一样。
砸自己脚丫
美国弟弟
坚决不允许他国干涉我国内政
漂亮
明灭人性
米贼作乱
资本主义终将灭亡，这是社会发展的必然趋势
无耻的美国
犯我中华者虽远必诛
犯我中华者虽远必诛
犯我中华者虽远必诛
美国搞事情
犯我中华者虽远必诛
勿谓言之不预也
犯我中华者虽远必诛
犯我中华者虽远必诛
犯我中华者虽远必诛
犯我中华者虽远必诛
点赞
中国加油！！
悬崖勒马
勿谓言之不预也，你待会可别怪我打你打的太狠。
美国是“太平洋的警察”吗？（管的真宽啊）
？？？？？
弹幕护体
小人之为
前方高能预警
妈妈！我在B站看新闻联播！没有玩！
勿谓言之不预也
别忘了三连！
加油
极端虚伪
川普又在胡乱批改文件了
美帝亡我之心不死
美国弟弟
多行不义必自毙！
康老师连续开大
支持国家
思创
犯我中华者虽远必诛
犯我中华者虽远必诛犯我中华者虽远必诛
祖国万岁，美国爬爬爬
美国弟弟
祖国万岁美国爬爬爬
凭什么他发布我国地区的法案！！??
3连发
勿谓言之不预也  ㅤㅤㅤ ㅤㅤㅤ ㅤㅤㅤ ㅤㅤㅤ ㅤㅤㅤ ㅤㅤㅤ ㅤㅤㅤ ㅤㅤㅤ ㅤㅤㅤ ㅤㅤㅤ ㅤㅤㅤ ㅤㅤㅤ ㅤㅤㅤ ㅤㅤㅤ ㅤㅤㅤ ㅤㅤㅤ ㅤㅤㅤ ㅤㅤㅤ
十二连发
美弟
美国弟弟
美国当别人是傻子?
自己不好好发展，干扰别人进步
厚颜无耻
不急反正中国是越来越强，远了不好说第二岛链内我们无敌
中国!
1
美国是天天没事做吗？
美国是天天没事做吗？
美国一直在全世界搞破坏
中华人民共和国神圣不可侵犯!
美国急了
犯我中华者，虽远必诛
犯我中华者，虽远必诛！
，
勿谓言之不预也
侵我中华者，虽远必诛
祖国万岁
美国自己的事都还没搞定就来弄我们的事
反暴力！
中华一致对外
1
1
美国太不要face了
我们的国土不会再丢！！
I
反暴力！！！！！！爱我中华！
我爱我的祖国
司马昭之心，路人皆知
美弟害怕了
非我族类，其心必异。打不过美国也要打
美国弟弟
1
111
播放量比粉丝量还大
勿谓言之不预也
一个中国永远不会变!!
真以为我种花家跟阿富汗伊拉克利比亚一样好欺负呢？
有力措施予以反制
美弟
勿谓言之不预
弟弟美国
勿谓言之不预也
骇人听闻
中国万岁
美国就是个弟弟
勿谓言之不预也
警告⚠️
美国搞事，也不看看搞的是谁
不要face
美弟
康辉回来了啊。我还以为在国外
美国有资格通过我国的法案？美国有毛病吧
1
空指部:9:00勿谓言之不预也！
我康辉太厉害了
中国万岁
应该叫没国或者霉国
中国加油，中国万岁
美国是拿中国没有办法，只能在家里搞这些文字游戏磨嘴皮
支持祖国
美国是灭国了吗？整天管别人国家的事
？
眼神
很生气了
美国是想抓中国软肋和中国谈条件
令人发指
勿谓言之不预也
弟弟行为
硬核
美国人过的太舒适了
美国太low！！！
中国加油
一刻也不能分割
认清形势！
美弟霸权行不通
我就不懂了，美国管得着吗
1
勿谓言之不预也
勿谓言之不预也！
美国国库空虚，所以四处打劫
太过分
警告你一次
真的过分了
西方敌对势力亡我之心不死
服了美国了无语
这个世界啊
等中国超过美国那一天，美国就别得瑟了
犯我中华者，虽远必诛！
双标
坚决反制
中华人民共和国万岁
勿谓言之不预也
川建国同志做得不错
看都不看直接三连
？
美国又作死了
都是美国在背后撑腰坚决支持祖国统一
犯我中华者，虽远必诛
顶顶顶
等那些背后的势力漏出来
支持
生可忍孰不可忍
他们也配
你通过你们的，与我们无关，反正你们干涉不了
这是中国内政，与你美国人何干！！！
全文如下！！！！！！
考研重点
美国自欺欺人就是垃圾桶
1
对
中国加油！
做人不要太美国
坚决反对
坚决拥护中央！
支持
川普建国同志要注意了啊！！！
犯我中华者，虽远必诛
支持！！！
犯我中华者，虽远必诛
？
双标
犯我中华者虽远必诛！！！
中国加油
东方雄狮，再不容他人欺凌
勿谓言之不预也
前阵子还说美国要弹劾特朗普
中国加油！
康辉大大～
看你美国几时完
流氓思维
川建国怎么还没亡国？
任何外来势力不得干涉
这段话耿爽说的。。
祖国万岁
美国那个黄毛儿吃的太饱了
进度条恐怖
美弟行为
中华人民共和国万岁！
对美国有好处，当然会这样，他们不傻
老美，你的手伸过来中国就敢剁了
美国的所有行为都是利益驱使的，真相对他们来说只是工具
弟国主义
加油中国
支持！
干涉我国内政者，必将收到他应有的惩罚
CHINA
美国当老大当惯了吧，现在谁惯着他啊
生气了
犯我中华者，虽远必诛！
作死的美国
犯我中华者，虽远必诛！！！
勿谓言之不预也
犯我中华者，虽远必诛
美国日子太和平了 搞事情
干涉我国内政???
美国政府霸权主义
勿谓言之不预也
红旗红旗
按照基本法
坚决反对很重的词了
勿谓言之不预也
说得好
美弟主义？
3
美国弟中弟
long live China 
犯我中华者，虽远必诛
勿谓言之不预也
美国就是想搞乱中国
米国还当这是大清呢？
说的对
中华人民共和国万岁！
管好自己家得了，上中国得色啥
美弟行为
说的好！
三连给我走起来！
该严肃就严肃，赞
美国就是所谓的拿的起放不下怕别人超越他追求名次不堪使用任何手段
我就想问问美国他凭什么？？？
不可告人的政治目的
美国这种小把戏糊弄谁呢？
犯我中华者，虽远必诛
说得好
太帅啦啊啊啊啊
国家主权不容侵犯
犯我中华者，虽远必诛
都是有和平的国家
无语言之不预也
龙之逆鳞，触之必怒，帝王一怒血流千里
不仅损害中方利益，也会损害美国在港重要利益。放狠话了，加油，希望以后放狠话能够更狠
小姐姐好漂亮
中国主权不容侵犯
垃圾美国
表情坚决与冷漠
见过不要face的，但是没见过像美国这么不要face的
就是欠揍
老美管得太多了
中国
犯我中华者   虽远必诛
特朗普是想搞事
美国还是那么自大啊
什么东西美国
米国是日本对美国的称呼
中国！！！
我爱中国！
支持
我们家的事 与你美国有啥关系
自由美利坚，枪战每一天
美国这几年一直针对中国，说明他看到我们崛起，开始耍流氓要影响我们崛起了
康大真帅，叫他们什么是是非曲直，人格底线，法律制裁
虚伪！！！！
美国极端虚伪
真虚伪
中国万岁
被美国煽动的那些人，没有用了
勿谓言之不预也
美国恬不知耻
美国真是他喵什么事都要掺一脚……
该是的美国佬
批美国
勿谓言之不预也
美国想打架了？
老美要完
美国一边滚这玩去
悬崖勒马
悬崖勒马！
说得好！
弟弟行为！
美国最虚伪
勿谓言之不预
勿谓言之不预
全 文 如 下
美国越搞中国，证明中国越强
美国佬就是贪中华的地！
多行不义必自毙
犯我中华者，虽远必诛！
美国自己内政都做不好，还要插手中国内政
美国你都是弟弟了，还玩霸权主义呢？到最后死都不知道怎么死的。
敌对势力亡我之心不死
这大概是我这么多年来第一回主动找新闻联播看。。。
勿谓言之不预也
只有一个中国！
悬崖勒马
中国人民团结一心。
美国快亡了
勿谓言之不预
勿谓言之不预也
勿谓言之不预也
勿谓言之不预也
美佬行为
美佬行为
美国是不是找茬
中华人民共和国万岁！！
？？？？
美国太欠打了
四海皆中国
就是！
说得好(✪▽✪)
美国像反贼
说的好!
美国真是个不要face的弟弟 管不好自己的国家还妄图管理别人的国家 
特朗普都发话了
哟
犯我中华者，虽远必诛
犯我中华者虽远必诛
山西人民致电，坚持祖国统一！
一个中国
ohhhhhhhhhhhhhhh
弟国主义
哈？？
不是不报时候未到！
米国弟弟怕了
只有一个中国
犯我中华者
犯我中华者，虽远必诛
厚颜无耻
勿谓言之不预也
美国你们先管好自己，别来插手中国可以吗？
川建国同志又作死了
勿谓言之不预也
美国会受到报应的
犯我中华者，虽远必诛！
？
我爱中国
美国低级
祖国万岁
引火烧身，自食恶果
中国!
烂米国
弟国主义
美国弟弟
弹幕呢
有朋自远方来，虽远必诛
？？？？
勿谓言之不预也
勿谓言之不预也！！
中华人民共和国万岁
打击霉国一切利益！
美国佬真该死
美国已经慌了，不择手段了
美国好笑人哦
美国佬何德何能？
犯我中华者，虽远必诛！！！
？？？？
勿谓言之不预
做人不能太美国
恭喜川普获得成就 搬石砸脚
这还是人吗？
犯我中华者，虽远必诛
强盗国家
说得好
注意这是美国国会想搞事情，而不是特朗普搞事情。特朗普控制不了国会。
勿谓言之不预也
川建国同志该收敛了
做人不能太美国
这轮得到美国来插手？？
美国太弟弟了
搞笑
维护我国的主权、安全和发展利益，促进世界的和平与发展是我国外交政策的基本目标
万岁
欧美资本国家历史侵略其他国家太过分了，怕后面国家崛起报复
犯我中华，虽远必诛
江西人民坚持祖国统一
犯我中华者，虽远必诛
川老弟，你咋回事？
中国主权不容侵犯
我对祖国有信心
字由美利坚，枪战每一天
终于发声明了
美国别搞笑了
美国吃饱了撑的
中国加油
犯我中华者，虽远必诛
川普是不是人格分裂啊！
什么美利坚啊，丑！！！
红旗飘飘
美弟行为
不愿打不怕打必要时不得不打
厚颜无耻之徒
中华万岁
米国日薄西山
米国日薄西山
米国日薄西山
美国哟，到底能不能歇一会儿
勿谓言之不预也
中国发展太快了，美国慌了
美弟，弟弟行为
我爱中国！
美国不要face
弟弟行为
坚持一个中国原则
美弟行为
中国万岁，只有一个中国
中国人民共和国加油！！！
中国加油
是中国太强大了，“美国”慌了
中国加油
莫名其妙厚颜无耻的美国
犯我中华者，虽远必殊。
世界警察
美国什么事都管
真理警告⚠️
霸权主义，惹人讨厌!
犯我中华者虽远必诛
自动变色
我在B站看新闻联播
犯我中华者，虽远必诛。
**************
弟弟行为。
雄狮终究会亮出它的利爪
弟国主义。
犯我中华者，虽远必诛。
多行不义必自毙
中国加油！
中国万岁！！！支持祖国统一！！！
美国就爱 双标
说得好
勿谓言之不预
它国有什么权利通过我国法案
美国是亡国了吗
犯我中华者，虽远必诛
美国臭弟弟
做人不要太美国
祖国万岁
美国真的过分了
犯我中华者，虽远必诛
美国赶紧亡国吧
中华人民共和国万岁≧▽≦！！！
美国是亡国了
霉国
美国立中国的法，滑天下之大稽
勿谓言之不预也
弟国主义？
弟国主义
犯我中华者，虽远必诛！！！
犯我中华者虽远必诛
中国人民共和国万岁！
儿子行为
中华人民共和国万岁
弟弟
？？？？
弟弟行为
"美国一日不除,世界一日不平"
弟中弟
？？？？
？？？
弟弟
请美国佬停止你们的弟中弟行为
国家要保护人民
哈哈哈哈
来了
醉翁之意不在酒
"美国已经黔驴技穷,气急败坏了"
上B站看新闻…
贵州人民坚持祖国统一！
犯我中华者！虽远必诛！
男神又胖了
给别国立法？？这是咱2019年听过的最大的笑话
他们凭什么发表关于我国人民的法律！
西方伪善的要死
美国去死
热爱祖国
打倒美国，美国去死
加油
有理有据
美国你想干啥直说
勿谓言之不预也
弟弟行为
我饿什么
多行不义必自毙
犯我中华者，虽远必诛
中国不是日本，你想阻止发展前进那是不可能滴
红旗
中国加油
弟弟行为
哈哈
美国才是头号暴力份子
祖国万岁！！！
美国最危险
弟国主意
美国弟弟行为
我中华最棒！！！
洋鬼子管太宽了
美国双标
啥是美国………
9分钟高能反应
世界各国联合起来，一起共同对付美国
?
双标
我爱中国
让美国飘起美丽风景线吧
中国加油
中国万岁！！
要采取措施了
美国迟早凉凉
主持人的表情，好愤怒的样子
愿世界和平
勿谓言之不预
美国是弟弟
犯我中华者 虽远必诛
。
美国干涉别国内政真的是很无语
？？？？？？？？
勿谓言之不预也
我大中国稳
极端虚伪
自己家的事，轮的着你汪汪吗
临泉人民表示点赞
勿谓言之不预也
…
资本主义终将灭亡 这是社会发展的必然趋势
其实从历史发生这种事的规律来看。蹦跶不了几天了。
这就是美国。
自由美利坚 枪击每一天
9分钟高能
坚持祖国统一！
嗯
信息战时代
疯了吧
美国关你啥事
阿中生气了后果很严重
说的对
美弟行为
好
美国干这种事不是一天两天了，世界警察管的还少吗
犯我中华者虽远必诛
......
我的弹幕在哪
i
中国加油！犯我中华！虽远必诛！
弟弟行为
弟弟行为
美国就是发战争财起家的
啥
美国真是够了
弟弟行为
美国越这样搞我们越爱国越团结
我弹幕呢
中国万岁
虽远必诛！
！！！
正告！
虚伪用的好
新疆致电，坚持祖国统一
厉害了
做人不能太美国
说得好！
犯我中华者，虽远必诛
哈哈哈
名场面
了
中国加油！
犯我中华者虽远必诛！
！！
好样的！
说得好！
祖国万岁！
黑龙江
美国垃圾！！！
中国天下第一
怎么哪都有美国
祖国万岁！祖国万岁！祖国万岁！
犯我中华者，虽远必诛
犯我中华，虽远必诛
美国的议员脑子里全是糨糊，人面兽心！
做人不要太美国，不是人的我就不说了
勿谓言之不预也
帅！！！
康辉牛皮
！??
什么时候中国的领土上需要美国法案来管理
小人长戚戚
就该这样 硬气 
感觉考研政治要考
，
做人不要太美国
世界只有一个中
犯我中华者，虽远必诛
太平洋的警察吗？这美国人就是秋后的蚂蚱
美弟行为
自由美利坚
犯我中华者   虽远必诛
看都不看直接三连
我们自己家的事儿 跟你们美国有关系？？？？？
犯我中华者虽远必诛 
犯我中华者虽远必诛
希望美丽的风景线在美国越多越好
多元化社会，美国还以为他一家独大？没睡醒吧
犯我中华者。虽远必诛
勿谓言之不预也
舒服了，说得好
虽远必诛！
中国万岁！
中国万岁
极端虚伪
辽宁人民坚决维护祖国统一!
生气
持续高能
犯我中华者虽远必诛
说得好!
山西人民致电，支持我国统一
美国从地球上消失了才能安静
勿谓言之不预也
男神
犯我中华者虽远必诛
“所谓”
勿谓言之不预
中国加油！！！
我爱中国，因为我是中国人
想桃子吃，手真的长
犯我中华者，虽远必诛。
赞
犯我中华，虽远必诛
说得好
只有一个中国
做人别太美国
中国
勿谓言之不预也
我♥CHlNA
侵犯中华者死
犯我中华者，虽远必诛！
勿谓言之不预也
太气人了
太气人了
你要破功了，美弟
鹰酱弟国
湖南人民支持中国
双标双标
我们还是得居安思危！美帝亡我之心不死
支持
辽宁至电，支持祖国
美国像个破抹布
犯我中华者，虽远必诛
勿谓言之不预也
一个中国铁定原则！！！
一国是我们的一国，两制是我们的两制，是我们家的事
犯我中华者，虽远必诛！
犯我中华者，虽远必诛！
犯我中华者，虽远必诛！
犯我中华者，虽远必诛！
犯我中华者，虽远必诛！
犯我中华者，虽远必诛！
犯我中华者，虽远必诛
主持人很少用我表达观点，可见。。。。。
主持人很少用我来表达观点，可见。。。
爱祖国
米国米国！
美国又在搞事情
做人不能太美国
后边是不是有个人???
悬崖勒马
废纸一张
废纸一张
康辉老师表情都更严肃了，眉头也在皱
先礼后兵
犯我中华者!虽远必诛!!!
美国这是怕了，臭弟弟
中华人民共和国万岁！
四川所有
在b站上看新闻联播，，，，，
勿谓言之不预也
中国加油
中国加油，中国必胜
中国万岁！！！！
说得好
犯我中华者，虽远必诛！！！
b站看新闻联播哈哈哈哈哈哈
阿中哥哥最棒！！！
香烟不是香的，美国不是美的
弟弟行为
美国的称霸世界梦再在做梦啊
祖国万岁！愿祖国永远和平！繁荣昌盛！！
我从未见过如此厚颜无耻之国—美国
十二连发真牛
中华人民共和国万岁！
这是在玩火
我怎么现在才来啊啊啊啊啊
气坏
勿谓言之不预也！！
犯我中华者，虽远必诛！！！
衡水等等我我也加一句
犯我中华者，虽远必诛！！！！！
中国万岁万岁万万岁
勿谓言之不预也！！
犯我中华者虽远必诛
我觉得现在用闻一多先生的那句话挺合适的
美国所作所为实属弟弟行为
犯我中华者，必诛之。
祖国万岁！
这是我们的家世，外人请自知自重~
这么喜欢干涉我国内政，你是亡国了吗？
。。。。。
勿谓言之不预也
子不教父之过，家里小孩不听话，也理应家里人教育。请外人自重少掺和。
美弟主义
美国弟弟行为
犯我中华者，虽远必诛
愚蠢的美国
犯我中国者，虽远必诛之
支持中国
弟弟行为
姐姐好帅
世界流氓美国
过界了！！！
世界流氓美国
美国想称霸世界想疯了
犯我中华者，虽远必诛！
美国真的是莫名其妙哪个国家都去插几脚
台湾也是中国的台湾
美国就是全世界最大的恐怖组织
双标不要太明显
美国就是全世界最大的恐怖组织
美国垃圾
以前美帝，现在美弟
所谓
爱我中华！
特朗普一上台，奥巴马宛如没当过一样
给别国立法，是9102最大的笑话
听过预言，特朗普上台，美国快不行了
世界和平
说的好
我劝你们回头是岸
中国万岁
中国是人民说了算!!!
我们已经强大到美国都要忌惮了，不然根本不会花时间来搞事情
弟弟行为
好一个极少数
世上竟有如此厚颜无耻之国（美国）
虽远必诛
祖国万岁！！！
共和国万岁！
中国几千年来没怕过谁
中国加油
犯我中华者，虽远必诛！
在bilibili上看新闻，点赞
我们自己家的事，关他们什么事啊
美国不打算过了？
坚决维护祖国统一
犯我中华者，虽远必诛！！！
看得我热血沸腾
有你美国啥事？
美国该亡国了
给别国立法哈哈哈哈哈哈哈哈
勿谓言之不预也
美弟主义
悬崖勒马
美弟主义
美弟主义
美弟主义
美弟主义
美弟主义
美弟主义
虽远必诛
多行不义必自毙
严惩不贷！
勿谓言之不预哦，亲
弟国主义就这样了
气死了！！！
犯我中华者，虽远必诛！
犯我中华者，虽远必诛！
犯我中华者，虽远必诛！
犯我中华者，虽远必诛！
犯我中华者，虽远必诛！
犯我中华者，虽远必诛！
做人不要太美国
犯我中华者，虽远必诛。
川建国是弟弟
中国的发展速度，美国你就那么怕？
说的好！！
来真的了，悬崖勒马
我们国家的事你美国搞什么法？？
？疯了吧
 弟弟行为
？？？
兄弟们变色
美国从地球上消失，世界也就太平了
犯了和平共处五项原则中第三条
辽宁人民坚持祖国统一!!
勿谓言之不预也
祖国加油
国家主权不容侵犯
犯我中华者，虽远必诛
我和我的祖国，一刻也不能分割
只有一个中国
我爱中国
中国加油！
犯我中国者，虽远必诛
中国万岁
打倒美利坚，中国万岁!!!
犯我中华者，虽远必诛
爱我中华！
中国主权不容侵犯
中国主权不容侵犯
勿谓言之不预
不要脸
勿谓言之不预也
都9102年了，美国有意思吗
弟中弟，弟中弟，弟中弟，！！！
做人不能太美国
做人不能太美国
中国加油加油加油
犯我中华者，虽远必诛
越针对中国就代表着美国越慌，越慌就越容易亡
？？？？
说的好
勿谓言之不预
勿谓言之不预也
美弟主义
我预见50年后祖国必将领跑全球，加油
犯我华者，虽远必诛！
我爱中国!!!
嗯
勿谓言之不预也
美国是瓜嘞
果断三连！
美国真是 全世界都惹了个遍阿~
勿谓言之不预也
美国是三权分立，总统不同意也不行
自家小孩做错事自己教育轮得到外人干涉？
考研重点
就是
高能：9:00
犯我中华者，虽远必诛！
犯我中华者虽远必诛！！
勿谓言之不预也
勿谓言之不预也
做人不要太美国
美国吃饱了撑的
美国呵呵
美国管的太宽
做人不能太美国
美国永远去插手别人家的事
中国万岁
感觉康辉说的都非常生气！
自动变色
中华民族万岁！
说的对
勿谓言之不预也
空降8:15
他们凭什么出这种法案？？？？
话只说一遍 虽远必诛
弟国主义
空降8:58秒
看得人太多   卡了..
中国万岁
抱抱我的国家
悬崖勒马
祖国万岁
中国万岁
中华人民共和国万岁
美国这样只会害人害己
勿谓言之不欲也
好
说得好
美国弟弟行为
多行不义必自毙
做人不能太美国
我也爱中国
美国解体的前奏
一身正气
弟弟行为
勿谓言之不预也
好好发展自己不好吗，搞什么事啊
勿谓言之不预也
全文如下是真的燃！！！
没有美国世界就和平了
，，
勿谓言之不预也
民主 好个冠冕堂皇之词
中国万岁
勿谓言之不预也
勿谓言之不预也
勿谓言之不预
越来越爱新闻联播
美国弟中弟
勿谓言之不预也！
勿谓言之不预也！！！
坚决维护祖国统一，中国一点都不能少！！！！！
中国加油！！！！！！！！！！！！！！！！！相信政府！！！！！！！！
勿谓言之不预也
犯我中华者，虽远必诛！
特朗普上台后，美国成了彻头彻尾的流氓了
中华人民共和国万岁！
我们的祖国是世界上最强大的国家之一。
美国搞笑
犯我中华者虽远必诛
美国还真当他自己是世界警察了
对对
说的好
犯我中华者，虽远必诛
勿谓言之不预也
犯我中华者虽远必诛之
犯我中华者虽远必诛
勿谓言之不预也
勿谓言之不预也
勿谓言之不预也
中华人民共和国万岁！！！
China!!!!!!
爱我中华
祖国万岁
勿谓言之不预也
勿谓言之不预也！
勿谓言之不预也
勿谓言之不预也!
哈哈哈哈哈哈哈每天让我按时收看的电视只有大中央视新闻联播
双重标准
中国加油！
考研重点！
勿谓言之不预也
只有一个中国！！坚决维护国家统一！！
坚决维护国家统一！！！只有一个中国！！！
勿谓言之不预也
加油
勿谓言之不预也
除了收藏其他都给你了
我爱中国！！
南京人民致电，支持中央！
说得好
妙啊
真不是东西
自己都管不好还来干涉我们
真的不要脸了
中华人民共和国万岁！
相信中国
相信中国
“即在坚持一个中国的前提下”
中国主权不允许任何国家插手
弟弟行为
弟弟行为
弟弟行为
犯我中华者！
勿谓言之不预也
帅
我爱中国
干涉我国内政？你老美有这个资格吗？
勿谓言之不预也
？？？
我爱祖国 
悬崖勒马
勿谓言之不预也
China
！！！
做人不能太美国
美国，我不知道该咋形容了。。。
太让人无语了吧
？
中国万岁
现在习惯了在小破站看新闻
美国怕不是太闲了
祖国万岁！！
安徽人民致电
政治考点来了
硬气！！
弟弟行为
重庆加一
弟弟行为
勿谓言之不预也
祖国万岁
好！
说得好
美国人这样只能让中国人民更团结
我爱中国
勿谓言之不预也
坚决支持中央，
厚颜无耻之徒
中国主权不容侵犯
勿谓言之不预也！
要关心时事
中华人民共和国万岁
犯我中华者，虽远必殊！
来了我
祖国加油哦哦
我来了
犯我中华者，虽远必诛!!!
祖国万岁
我与国同在
台湾也是中国的台湾，我们会解决问题。绝不许任何外部势力插手我们内部问题
勿谓言之不预也
爱我中华
犯我中华者虽远必诛
这说明他们怕了
犯我中华者，虽远必诛！
犯我中华者，虽远必诛
勿谓言之不预也
话音都有点颤抖了
我爱中国
来了来了
中国加油！
阿中
中国加油
美国？？？
一个中国！！！
中国加油
勿谓言之不预也
坚持一个中国
坚持一个中国
勿谓言之不预也，祖国加油！！！
没什么好说的，祖国世界第一
勿谓言之不预也
相信我的祖国!
弟弟行为
犯我中华者，虽远必诛
加油加油
美国弟弟行为
啥事都要插一手
他有什么权利
陕西人致电
陕西人致电 祖国万岁
真当自己是什么玩意儿啊
犯我中华，虽远必诛
中国加油
中华人民共和国万岁！
犯我中华者，虽远必诛
扬我国威
无谓言之不也
中国加油
美国以为他是谁
勿谓言之不预也
我们这代青少年任重道远，好好提升自己，让自己的国家更加强盛
强烈谴责
说得好
爱我中华
说得好
中华人民共和国万岁。
勿谓言之不预也
勿谓言之不预
勿谓言之不预
永远支持中国
勿谓言之不预也
犯我中华者，虽远必诛
所谓法案 废纸一张
勿谓言之不预也
新闻联播是我唯一敢开二倍速还不怕听不清话的节目
勿谓言之不预也
？？？
国家主权
加油
看来以后我要天天看新闻联播了
中国万岁
勿谓言之不预也
强烈谴责的最高级是啥？
最爱看这样帅气的播放新闻
播音员好帅气
勿谓言之不预也
五星红旗飘扬之地，即是圣地！
虽远必诛！
勿谓言之不预也
勿谓言之不预也
勿谓言之不预也
中华色！
祝祖国繁荣昌盛！！
犯我中华者，虽远必诛！！
美国的做法只会让真正的中国人更加爱国
虽远必诛
勿谓言之不预也！
对！
美国自己的事情都处理不好，到处刷存在感
美国真的该受到批评了
勿谓言之不预也
勿谓言之不预也
多行不义必自毙
勿谓言之不预也！！！
犯我中华者，虽远必诛
勿谓言之不预也
来而不往非礼也
霉国真是个弟弟
支持
说的好！！！
犯我中华者，虽远必诛
犯我中华者，虽远必诛！！！！
勿谓言之不预也
中国万岁
勿谓言之不预也
一张废纸？
说得好
我的老天爷 美国绝了 太不要脸了
这已经侵犯了国家主权 简直是无语
说得好
犯我中华者，虽远必诛
一起反对美国政客
反对美国政客
勿谓言之不预也
勿谓言之不预也
勿谓言之不预也
勿谓言之不预
勿谓言之不预也！
美国政府用心险恶
忍无可忍
阿中哥哥我爱你！！！
勿谓言之不预之
、
不买美国吉他了
中国
美国真的的毒瘤
引火烧身
揭露美国丑恶的真实面目！！！！  
很久没有看过新闻联播但还是关心国家大事
先礼后兵，先礼后兵，先礼后兵，不要给脸不要脸
加油
勿谓言之不预也
勿谓言之不预也
美国口区
中国的事怎么轮到美国管了 无语
双标民主
勿谓言之不预也
勿谓言之不预也
加油
犯我中华者，虽远必诛！
美国通过？美国凭啥通过，管的着嘛它
勿谓言之不预也
勿谓言之不预也
中国
美国迟早自食其果
乱我中华者，虽远必诛
说的话
很好
美国人不要face世界都知道
勿谓言之不预也！
弟弟行为
勿谓言之不预也
说得好!
中国万岁
祖国加油
中国加油
中国加油
中国加油
啊啊阿中哥哥我爱你
河南人民支持大中国！
勿谓言之不预也
中国雄起
依法治暴
干的漂亮
干的漂亮
对对对
太好了
勿谓言之不预也
河南人民支持大中国！
认清形势，悬崖勒马，勿谓言之不预也!
中国红走一波
勿谓言之不预也
我是中国人，我爱自己的祖国!
中国no1
还是人了
勿谓言之不预也
中国加油！
高能空降8:57
硬币全交
勿谓言之不预也
中国加油
弟弟妹妹的
勿谓言之不预也
中国加油
勿谓言之不预也
8要脸
中国红
考研政治那个。。我已经准备好笔记了
勿谓言之不预也哦亲
新疆人民坚决维护祖国统一
我爱中国！
犯我中华者！虽远必诛！
我国主权不容侵犯
勿谓言之不预也‘’
中国加油
xswl
美国来搞笑的？
勿谓言之不预也！
坚决支持祖国
犯我中华虽远必诛
弟弟行为
美国这些政客弟弟行为不知道怎么好意思做出来
支持中央
美国气得我颤抖
美国不要脸
说的好
勿谓言之不预也
！！！！
我爱我华
有法必依，执法必严，违法必究
四川人民支持祖国
中华人民共和国万岁！！！
爱我中华
勿谓言之不预也，
中华人民共和国万岁
犯我中华者，虽远必诛！！
中国人民大团结万岁
美国就是弟弟
贵州人民坚决维护国家统一
新疆人民坚决维护祖国统一
犯我中华者，虽远必诛！！！！
中华人民共和国万岁
所以我们要相信政府
一张废纸
勿谓言之不预也！！！
犯我中华者虽远必诛
陕西人民坚持维护国家统一
我要当兵！
美国这行为真迷惑，无语……
说得好
弟弟行为
新疆致电，祖国统一
美国就是想搞事
美国太好笑了吧
弟弟行为
勿谓言之不预
中国加油！中国加油！
阿中哥哥加油!!
枉费心机 一场空!
坚持一个中国
爱我中华
中国加油！！！！！
加油
中国加油
一个中国
来世还生种花家
犯我中华者虽远必诛
做人不能太美国
看着表情真的生气了
中国万岁！中国加油！
-
太不要脸了，中国的事儿凭啥外国管
生气
太不要脸了
中国加油！
自己家都管不好还跑过来管别人家的事
美弟主义。
被圈粉了!
说得好！！！
1
河北人民支持大中国
中国万岁！
中国万岁
引火烧身，自食苦果！
犯我华夏着，虽远必诛
浙江人民坚决维护祖国统一
美国弟弟行为
中国万岁
犯我中华者，虽远必诛！
我爱你China
我们中国几千年还没怕过谁
？关你美国啥事
勿谓言之不预也
犯我中华者，虽远必诛。
犯我中华者，虽远必诛
坚决维护国家统一
美国是不是不知道自己只是个二百多年的小弟弟，敢和5000年大中华相提并论
我爱中国
中国万岁
爱我中华
祖国万岁
祖国万岁！
犯我中华者虽远必诛
支持中国
美国真的玩不起了，有效的高雅手段已经没有了，只会这些小九九
犯我中华者 虽远必诛
犯我中华者虽远必诛！
犯我中华者 虽远必诛 
厚颜无耻
中国加油
我也自豪
中华人民共和国万岁！
小美，别搞弟弟行为了
美国他配吗
广西人民坚决维护国家和平统一
废纸一张
祖国万岁！
重庆人民坚决坚持祖国统一
中国加油！一个中国
爱中国
美国太可笑
祖国万岁
祖国加油！
相信中国
爱你中国
悬崖勒马
见证历史
虽远必诛
美国弟弟
支持中央
勿谓言之不预也
勿谓言之不预也
犯我中华者，虽远必诛
中国万岁
勿谓言之不预也
犯我强汉者，虽远必诛
。
做人不能太美国
66666
禁止美国干涉中国内政
勿谓言之不预也
奥巴马很好，希望中美和平，特朗普很坏，
支持中国！
中国万岁
特不靠谱天天不靠谱(ʘ言ʘ╬)
我听说美国人民好像也是对特朗普不满
犯我中华者
虽远必诛
666
犯我中华者，虽远必诛！
好
??
?
关它什么事啊
中国万岁
勿谓言之不预也
山东人民致电祖国万岁
坚持一个中国，我爱你祖国
勿谓言之不预也
硬气
国家主权问题必须硬气，不容侵犯
勿谓言之不预也
做人不能太美国
一个中国
中国加油
中国
中国
霸权主义
勿谓言之不预也
中华共和国万岁
九分钟高能
犯我中华者，虽远必诛！！！
犯我中华者，虽远必诛
勿谓言之不预也
勿谓言之不预也
人民大团结万岁！祖国大团结万岁！
勿谓言之不预也
加油
祖国万岁
上海人民坚决维护祖国统一
青岛公民坚决维护祖国统一！
双标
中国加油
美国垃圾
做人不能太美国
说得对
弟弟行为
湖南人民坚决维护祖国统一
犯我中华者虽远必诛
我爱祖国
？
中国统一！！！
祖国万岁！！
中国加油！
河南人民支持
支持祖国
加油！！！！！
美国真闲
前面的，这是原文
中国万岁！
福建人民坚决维护祖国统一
坚决维护 坚决维护
做人不能太美国
广东人民坚决国家统一
中国加油
犯我中华者，虽远必诛
生气
勿谓言之不预也
福建人民支持中国
犯我中华者，虽远必诛
美国弟弟
永远支持中国
支持中国
中国加油！！
祖国加油
美国政府居心叵测
广东人民坚持维护国家统一
犯我中华者，虽远必诛
犯我中华者，虽远必诛
湖北人民坚决维护祖国统一
都在认真看啊
支持中央，爱我中华
犯我中华者！虽远必诛！
吉林人民坚持祖国统一
支持中国没毛病
中国的内政由不得任何人来插手
中国加油!
加油
支持中国
湖北人民坚决维护国家统一
66
美国能不能遵守和平共处五项原则
我爱中国
勿谓言之不预也
中国加油
我爱中国
只有一个中国！！！！
犯我中华者，虽远必殊！
勿谓言之不预也
福建人民支持中国
勿谓言之不预也
犯我中华者虽远必诛
广东人民强烈支持维护祖国统一
犯我中华者，虽远必诛！
勿谓言之不预也
美国真是吃饱了撑的
中华民族万岁
犯我中华者，虽远必诛。
中国加油
来了来了
四川人民坚决维护国家统一！
说得好！！
说得好
说得好
犯我中华，虽远必诛
做人不能太美国了
我所挚爱的中国啊！
勿谓言之不预也
此生无悔入华夏
坚决维护祖国和平统一，犯我中华，虽远必诛！！！
安徽人民支持中国
勿谓言之不预也
勿谓言之不预也
中国内政美国无权干涉
虽远必诛
安徽人民坚决维护祖国统一！
勿谓言之不预也
犯我中华者，虽远必诛
犯我中华者，虽远必诛
中国加油！勿谓言之不预也。
犯我中华者，虽远必诛
勿谓言之不预也
别干涉我国内政!!!
犯我中华者虽远必诛。
黑龙江人民坚决维护祖国统一
双标美利坚
勿謂言之不預也
支持中国
此生无悔入华夏
犯我中华者，虽远必诛
犯我中华者虽远必诛
做人不能太美国
勿谓言之不预
黑龙江人民坚决维护国家统一
勿谓言之不预也！
对
不要小看这只和蔼的可亲的狮子
果然
勿谓言之不预也
勿谓言之不预不预也
虽远必诛！！！！！！！！！！
勿谓言之不预也
勿谓言之不预也
我爱你亲爱的祖国
中国加油
加油
中国加油！
山西人民坚决维护祖国统一
中国！！！！
这么弟弟的吗？
爱我中华！！！
中国万岁≧▽≦
我爱中国
犯我中华者虽远必诛！
弟弟行为
做人不能太美国
强烈谴责
祖国万岁
0.5倍好有威严感
康辉表情给满分！！！
前面的去掉之一谢谢，我们只是谦虚，兔子们爱好和平
说的好！！！！
勿谓言之不预也
中华人民共和国万岁
犯我中华者，虽远必诛！
勿谓言之不预也
爱国爱港
犯我中华者，虽远必诛。
真的弟弟行为
祖国万岁
犯我中华者，虽远必诛
陕西人民支持国家繁荣稳定
一张废纸
加油
加油加油加油
犯我中华者虽远必诛！！
勿谓言之不预也
勿谓言之不预也！
文科高考应该会考，作文也可能会涉及到
贵州人民坚决维护祖国统一!
真的是蹬鼻子上脸  过分
安徽人民发来致电，支持中央！
支持中央！
中国加油
？？关他们什么事情？？
中华人民共和国万岁
美国闲的没事了?什么都管
广西人民坚决维护祖国统一
广西人民坚决维护祖国统一
内蒙古人民支持祖国
宁夏人民坚决维护祖国统一
Don't say I didn't warn you！！！
勿谓言之不预也
勿谓言之不预也
勿谓言之不预也
中国的地盘，美国发文有用？
犯我中华者虽远必诛！！！！
勿谓言之不预也
勿谓言之不预也
美国弟弟
程度词加重了
讲的好
支持祖国
做人不能太美国
加油
犯我中华者，虽远必诛！
犯我中华者，虽远必诛！
祖国万岁！
中国万岁
重庆人民坚决维护祖国统一
人性道德
悬崖勒马，小心引火烧身，自食恶果
江西人民坚决维护祖国统一
这段话说的真给力
美国不要脸，多行不义必自毙！！！
相信中国，相信政府
犯我中华者，虽远必诛
不得干涉
说的好
没毛病！
此生无憾入中国，我们的大中国永远是世界第一
江西人始终支持祖国，坚决与那些企图危害我国根本的坏人做斗争
广东人民坚决维护祖国统一
弟弟
河南人支持一个中国原则！
支持中央
勿谓言之不预也
现在美国国内在弹劾特朗普
山东人民支持祖国
中国
干涉内政，不能忍
祖国必须统一
不得干涉
加油中国
加油
中国万岁
一个中国
弟弟行为
弟弟行为
支持！！！
宁夏人民，坚决维护祖国统一
说得好
慷概激昂
什么是美国?
海南坚持维护国家统一
云南人民坚决维护国家统一
犯我中华者，虽远必诛
勿谓言之不预也
祖国统一 
勿谓言之不预也
犯我中华者，虽远必诛！！！
咳咳咳
美国这是实在按耐不住自己的野心了
犯我中华者，虽远必诛。
勿谓言之不预也
河北人民坚决维护祖国统一
地球人民支持中国
勿谓言之不预也
勿谓言之不预也
美国极端虚伪
此生无悔入华夏
勿谓言之不预也
辽宁加一
勿谓言之不预也
坚持一个中国
祖国威武
犯我中华，必诛之
河北人民坚决维护国家统一
河北人民支持大中华
河北人民支持大中华
犯我中华者虽远必诛
石家庄人民拥护祖国统一
勿谓言之不预也
支持
天津市人民坚决维护国家统一
勿谓言之不预也
我爱中国
黄河科技学院维护国家大权
四川人民坚持国家统一
我爱中国
做人不能太美国！
中国加油
国土，寸步不让！
国土，寸步不让！
勿谓言之不预也
强
犯我中华者虽远必诛
宁夏人支持
宁夏人支持。
嘎嘎嘎嘎嘎
勿谓言之不预也
湖北人民坚持祖国统一
安徽学生支持中国
一个中国原则！
支持中央
一个中国原则！
勿谓言之不预也
天津人民坚决维护国家统一
广西人民坚决维护国家统一
勿谓言之不预！
不惹事，但是我们也从来不怕事！
中国加油!
此生无悔入华夏，来事还做中国人。
犯我中华者，虽远必诛！
对祖国充满信心。
犯我中华者，虽远必诛！
内蒙古人民坚决维护祖国统一
贵州人民坚决维护祖国统一
支持
云南人名坚决维护国家主权，坚决维护国家统一！
广东人民坚决支持一个中国
中国牛
江西人名维护国家统一
勿谓言之不预也
底线
陕西人民坚决维护国家统一！
种花家的事不需要鹰酱来管
中国我爱你
坚持祖国统一
云南人民支持一个中国原则
在学校看到，气得哟
四川人民永远支持祖国
辽宁人民坚决维护祖国统一
说得好！
支持中央
铿锵有力
铿锵有力
坚决支持一个中国！
我的天，2倍速试了一下，真的每个字都非常清晰！厉害！
勿谓言之不预也
勿谓言之不预
加油加油加油
内蒙人民坚持国家统一
勿谓言之不预也
安徽人民坚持一个中国原则，坚持国家统一
美国什么事都插手他不累吗
美国以为他是谁？！
难以想象我居然会这么认真的看新闻联播
美国就是极端虚伪
坚决反对美国干涉中国内政
勿谓言之不预也
啊
犯我中华者，虽远必诛
前方高能预警
犯我中华者，虽远必诛。
支持中央
美国极度虚伪
广东人民支持祖国统一
厕纸一张
中国加油
此生无悔入华夏
福建人民支持中国
陕西人民坚决支持中央
坚决维护祖国统一
硬气
湖南人民坚决拥护祖国统一
中国中央硬气
！！！！！
康辉看出来真生气了
勿谓言之不预也
勿谓言之不预也
勿谓言之不预也
勿谓言之不预也
勿谓言之不预也
勿谓言之不预也
勿谓言之不预也
勿谓言之不预也
犯我中华者，虽远必诛
勿谓言之不预也
维护祖国统一，反对一切分裂行为
莆田人民坚决维护国家统一
河南人民坚决维护祖国统一
，
中国加油，祝愿祖国繁荣昌盛
山东人民前来支持
湖南人民坚决维护祖国统一
支持中国
河南人民坚决维护国家统一
犯我中华者，虽远必诛！！！！
山东学生支持我大中华
犯我中华者，虽远必诛！
勿谓言之不预也
湖南人民坚决维护国家统一
老美这行为就是弟弟
弟弟行为
犯我中华者，虽远必诛！
海南人民坚决维护中国统一！
海南人民坚决维护祖国统一
无谓言之不预也
勿谓言之不预也
云南人民坚决维护国家统一。
犯我华者，虽远必诛
犯我中华者，虽远必诛！！！
河北人民坚持祖国统一!!!
支持中央！
我代表自己挺祖国
贵州人民坚决维护祖国统一
犯我中华者，虽远必诛
黑龙江人民坚决维护国家统一
加油中国
陕西人致电中华人民共和国万岁！！！
祖国加油
广东人民坚决拥护祖国统一
湖北人坚决维护祖国统一
广东人民坚决维护祖国统一
中国万岁
一个中国原则是对内外的最基本前提
犯我中华者虽远必诛
中国加油
中国加油
只有一个中国
山西人民坚决维护祖国统一
中国加油
我爱中国
广东人民坚决维护祖国统一
勿谓言之不预也
维护主权
勿谓言之不预也
弘扬中华民族精神
祖国万岁
广西人民坚决一个中国原则
湖北人民永远拥护党和祖国统一
勿谓言之不预也
犯我中华者，虽远必诛
阿中哥哥加油
我相信中国的强大！
美国最坏了
美国可坏了
一！场！空！
康辉表情严肃
我爱中国
我爱中国
勿谓言之不预也
中国加油
中国！
中国加油
听到了吗？这是重点 要考
四川辣妹子永远支持祖国
犯我中华者，虽远必诛！！！
说得好
祖国万岁
湖北人坚持祖国统一！
！
浙江学生坚决维护祖国统一
云南人民坚决维护国家统一
勿谓言之不预也
此生无悔入华夏，开始还做中国人。
相信政府
相信政府，中国加油！
湖南人民支持！！！！！
这才是中国好声音
美国，我劝你善良
新疆人民支持祖国
甘肃人民支持一个中国
勿谓言之不预也
！
江西人民坚决维护祖国统一
祖国万岁
勿谓言之不预也
澳门人民坚决维护祖国统一
666
中国加油
上海人民前来支持
上海人民坚决维护国家统一
中国加油
中国红
加油
湖南人民永远维护祖国统一
真的正确
湖南学生支持中国
。
！
浙江人民支持祖国统一！
上海人民支持中国
加油中国
中国加油
辽宁人民永远支持祖国统一
东北人民坚持一个中国
大爱中国
中国加油！
甘肃人民坚决维护国家主权
祖国加油
海南人民支持祖国统一
中华！
陕西人民永远支持中国统一
祖国！
妈耶。我在b站看新闻联播，解锁新成就了
我爱中国
山东人民永远支持祖国统一！
中国加油
说得好
中国国家主权不允许任何外国干涉!
江西人民表示只有一个中国，坚决维护国家统一
我是中国人
中国！
我爱中国
做人不能太美国
犯我中华者，虽远必诛。
好
红红红
祖国万岁
中国是世界上最安全的国家
哇哈哈哈哈哈哈哈
为我中国
为我中国永不落
中华人民共和国我是
勿谓言之不预也
维护祖国统一坚定不动摇
说得好
加油
支持加油
中国
福建人坚持祖国统一
勿谓言之不预
中国加油！
湖北人民坚决维护祖国统一
河南人民坚决支持一个中国
坚决维护祖国和平统一！
妈妈 我真的在B站看新闻联播
同！
美国自我感觉也太良好了，他以为他是谁啊
加油
安徽人民坚决维护祖国统一！！！
做人不能太美国
中国加油
中国人民坚决维护国家统一
奥里给！！！！！！！
666
老铁们
好
奥里给
奥里给、
勿谓言之不预也
犯我中华者虽远必诛
我居然在b站看新闻
。。。
犯我中华者虽远必诛
说的好
武汉加油
加油
 中国加油！
中国必胜！
勿谓言之不预也
..
勿谓言之不预也
河南人民坚决维护国家统一
此生不悔入中国
来生再做中国人
中国家事，关美国屁事
勿谓言之不预也
勿谓言之不预也
该死的特离谱！
lj
小腊鸡
去尼玛壁
勿谓言之不预也
勿谓言之不预也
有生之年，见证了历史
弟弟行为
20年考古，还在打砸不断
感谢指挥部
空降9:00
美国要不你改个名吧
正片开始（十二连发）
十二连发开始（本台消息开头）
本台消息
我爱中国
说得好！支持！
深圳人民坚持维护祖国统一
勿谓言之不预也。
河南人士坚决维护祖国统一
第一发
正片开始
想看勿谓言之不预也的，请直接拉到8:55
第二发
来新闻联播学普通话
勿谓言之不预也!
王威、
浙江人民支持祖国统一
重庆人民支持中国！
安徽人民坚决维护祖国统一
广东人民坚决维护祖国统一
浙江人民坚决维护祖国统一
四川人永远是祖国的后盾
犯我中华者，虽远必诛
来学普通话的，南方人
犯我中华者，虽远必诛！
呀呀，嘿嘿
不要脸
中国加油！！！
中国加油！！！
美国混蛋！
美国表示在线作死
犯我中华者虽远必诛
物谓言之不预也
犯我中华者，虽远必诛！
中国加油！！！
！！！
lll
hi
爱我中华
可笑
中国万岁！
祖国统一！
坚决维护主权！
犯我中华者，虽远必诛
中国加油
勿谓言之不预
勿谓言之不预
勿谓言之不预
勿谓言之不预
勿谓言之不预
勿谓言之不预
勿谓言之不预
犯我中华者，虽远必诛 
勿谓言之不预！！
655
人民万岁！
说的好
康辉大大
有些人就盼不得我们好！
美国真头痛，老是喜欢插一脚
我爱中国
中国万岁
中国万岁
一
哦
空降8：15
美国疯狗最坏！
我们也应该以牙还牙！揭露美狗的道德沦丧！
米国就像一个长舌妇一样，自己一身的臭毛病，对别人说三道四，不理它吧，它在你身边就好像苍蝇那样恶心你，拍死它吧！我们还不杀生，只有想办法把它赶赶的远远的
坚决维护祖国统一
我在等你呢
我在等你呢
我在等你呢，我在等你，我在等你
犯我中华者，虽远必诛
支持，爱我中华，我们不欺负别人，也决不让别人欺负我们，团结就是力量。
米国管事就是一坨gs
伟大的中国人民万岁！
中国人民解放军万岁！
6
支持一个中国
"美国一日不除,世界一日不平"
为中国点赞
祖国万岁
加油
中国加油，安徽人民支持祖国
什么美国疯了似吗
我感觉  有国家  祖国  宅家不犯法啊  有人当日值班的
衣食住行
任何外部势力不得干涉！！！
中国加油
我们中国人民不惹事，但是我们也从来不怕事！
核武器动不了，还不能动军队吗？
中国永远的神，美弟
犯我中华者，虽远必诛！！！！
永远支持中国
00
漂亮，直接诛杀美国
我和我的祖国，一刻也不能分割！
播音生来练新闻语感了
祖国统一
22.4
""
勿谓言之不预也！！！
勿谓言之不预也！
勿谓言之不预也
干涉中国内政的法案就是废纸一张！！！
美国一直都这样乱搞
勿谓言之不预也！！
勿谓言之不预也！
勿谓言之不预也！！！
就是不要怪我没提醒你 
勿谓言之不预也！！！！！！！！
勿谓言之不预也
勿谓言之不预也
勿谓言之不预
勿谓言之不预也
我提前告诉你了，你不听别怪我
勿谓言之不预也
勿谓言之不预也
勿谓言之不预也
这个停顿时间
勿谓言之不预也
我也支持！ ！
勿谓言之不预也
“别说我没告诉过，没警告过你”的意思
坚定不移！
勿谓言之不预也！！！！
勿谓言之不预也
勿谓言之不预
勿谓言之不预也
勿谓言之不预也！！！
别怪我丑话没有说在前头
勿谓言之不预也
爱我华夏
支持！！
勿谓言之不预也！！
勿谓言之不预也
勿谓言之不预也
勿谓言之不预也
勿谓言之不预！
俺也一样
？
 勿谓言之不预也！！！！
支持 ！！！！！！！！！
支持
勿谓言之不预也
勿谓言之不预
勿谓言之不预也[生气]
Don't say that I didn't warn you
好
勿谓言之不预也
勿谓言之不预也
勿谓言之不预也
美国国会参议院太不要脸了
美国太不要脸了
勿谓言之不预也
支持！
勿谓言之不预也
勿谓言之不预也
支持
勿谓言之不预也
Don't say that I didn't warn you
支持
勿谓言之不预！！
坚决支持！！！
这太可笑了
？
支持
勿谓言之不预也
支持
勿谓言之不预也
勿谓言之不预也
前方高能
本来就该这样！我国家内事，关你美国什么事
赞赞赞。
支持
美国自己的事都管不好了 
支持
向来如此，丑陋的嘴脸
俺也一样
我也支持！！！！！
勿谓言之不预也
坚决支持！
美国见到乱子就想插两手，还想着从中得利
勿谓言之不预也
勿谓言之不预也
勿谓言之不预也
坚决支持
勿谓言之不预也
前方高能
支持
俺也一样
14亿
好
勿谓言之不预也！
勿谓言之不预也
我一直以来就很讨厌美国
勿谓言之不预也！
勿谓言之不预也！
美国这么做只像个未进化完整的文明
支持
勿谓言之不预也
勿谓言之不预也！！！！
勿谓言之不预也!
祖国万岁≧▽≦
支持，完全支持
美心险恶啊
勿谓言之不预也
这些成语某些美国人可能一辈子也学不懂
勿谓言之不预也
勿谓言之不预也
自己还乱不过来，还管我们？
勿谓言之不预也
支持
勿谓言之不预也！
勿谓言之不预也
支持
讲的好
范我中华者必诛之
太平洋警察！！
美国参议院算什么东西啊
就是别给脸不要face
坚决反制，硬气！
你们立个案就想干预我国内政，痴人说梦
支持！！！
勿谓言之不预也
中国必胜零容忍
现在是2019年，美国醒醒吧
支持！
要来了
勿谓言之不预也！
勿谓言之不预也
勿谓言之不预也！！
勿谓言之不预也
有国才有家。支持祖国。
我气的咬牙
加油
勿谓言之不预也
勿谓言之不预也！
勿谓言之不预
大力支持！！！
勿谓言之不预也
来了
勿谓言之不预也
不要face→_→
…………气的脑阔子疼
支持
勿谓言之不预也
勿谓言之不预也
坚决支持！
别怪我开始没跟你讲
勿谓言之不预也
支持支持支持！！！！！
支持！！！
坚决支持
犯我中华者，虽远必诛
美国就是唯恐天下不乱
做人不能太美国
勿谓言之不预也！
勿谓言之不预也
勿谓言之不预也！
勿谓言之不预也
勿谓言之不预也！！！
勿谓言之不预也
勿谓言之不预也！
支持
*5
勿谓言之不预也
勿谓言之不预也
勿谓言之不预也
勿谓言之不预在几分钟阿
勿谓言之不预也
美国闲的
勿谓言之不预也
不要怪我没有提醒你
勿谓言之不预也！
中国加油
还是希望和平解决，不希望看到流血。
自讨苦吃
勿谓言之不预也！
支持中国！
前方高能
勿谓言之不预也
支持！
支持！！！
支持
美国到最后反正也不会插手成功，注定是失败的
支持反制！
多行不义必自毙
勿谓言之不预
美国无赖
好！
勿谓言之不预也
对！
勿谓言之不预也
勿谓言之不预也
遗憾——不满
支持中国
勿谓言之不预也
特朗普最后的挣扎
勿谓言之不预也
十二连发
勿谓言之不预也
我
勿谓言之不预也！
勿谓言之不预也
勿谓言之不预也！！！
特朗普怎么回事，不推特治国了
美国这国家还有脸么
勿谓言之不预也。
勿谓言之不预也
勿谓言之不预也
哇哇哇
勿谓言之不预也
勿谓言之不预也
勿谓言之不预也！！！
*4
勿谓言之不预也
坚决支持！！！！
支持！
他们管不着
勿谓言之不预也
勿谓言之不预也
美国就是过不得和平日子
勿谓言之不预也！！！
最后一句是：让我们拭目以待
勿谓言之不预也
勿谓言之不预也
哇哦
勿谓言之不预也
勿谓言之不预也
美国在世界各国间不搞点事情就不舒服，吃枣药丸
一直就这么不要脸来着
我丑话说在前面
勿谓言之不预也!
美:双标，我们是认真的
人呢
支持
勿谓言之不预也
勿谓言之不预也
高能预警
美帝真喜欢给全世界捣乱
合影！
支持！
美国哪来的权利！真好意思了！
狼子野心，昭然若揭
气死了
支持
勿谓言之不预也
勿谓言之不预也
坚定不移
支持！
勿谓言之不预也
勿谓言之不预也
勿谓言之不预也
勿谓言之不预也
令人生气
伎俩
3
勿谓言之不预也！
勿谓言之不预也
美国就像一个患多动症的儿童
美国现在埋下的罪恶种子，将来会收到报复。
好
勿谓言之不预也
支持！！！
勿谓言之不预也
勿谓言之不预也
美国真是 
勿谓言之不预也
支持
最后警告
合影留念
支持！！！
别怪我没有提前警告你
勿谓言之不预也
5000年华夏文明面前岂容你300年来撒野
别说我没警告你
好帅
姐姐看起来是真的好生气
勿谓言之不预也
勿谓言之不预也！
一贯伎俩
勿谓言之不预也
勿谓言之不预也
勿谓言之不预也
勿谓言之不预也！！！
就等这句勿谓言之不预也好久了
美国人还回去翻翻历史书咯
勿谓言之不预也
勿谓言之不预也
勿谓言之不预也！！！
勿谓言之不预也
美国――21世纪最大的骗子
他们怕了呗
*5
*6
勿谓言之不预也
美国不搞点事情就是不舒服？
支持
*8
*9
勿谓言之不预也
勿谓言之不预也
美国只想过着踩在别人头上剥削他人的富足日子，和平？发战争财崛起的国家怎么可能期待和平
美国从不会期待和平，除非它不再是美国
5
中国将带领华夏走向繁荣富强是必然的，支持
勿谓言之不预也
勿谓言之不预也
勿谓言之不预也，同框留恋！
勿谓言之不预也！
勿谓言之不预也
最近几十年多少战争是美国挑起的。
勿谓言之不预也
坚决支持
来了吗
300年的弟弟想管5000年的爷爷？
特朗普都被弹劾了
勿谓言之不预
美国无赖
勿谓言之不预也
勿谓言之不预也
勿谓言之不预也
支持！
勿谓言之不预也
支持
好!
不要脸
哇⊙∀⊙！
勿谓言之不预也
勿谓言之不预也
勿谓言之不预也！
勿谓言之不预也
勿谓言之不预也
一贯很精辟
支持！
支持
勿谓言之不预也！
勿谓言之不预也
勿谓言之不预也
恕我直言，真的是不要脸了，如果还有脸的话脸皮怕是要有地壳厚。。。
勿谓言之不预也
勿谓言之不预也
勿谓言之不预也
他们听不懂这些成语吧
勿谓言之不预
勿谓言之不预也
勿谓言之不预
勿谓言之不预也！！
勿谓言之不预也
勿谓言之不预也！！！
前方高能预警
勿谓言之不预也
勿谓言之不预也
勿谓言之不预也！
勿谓言之不预也！
勿谓言之不预也
特朗普政府
弟弟行为
勿谓言之不预也
美国的所谓法案，荒唐的令人喷饭
前方高能
6
勿谓言之不预也
勿谓言之不预也
勿谓言之不预也
勿谓言之不预也
勿谓言之不预也
勿谓言之不预也
中华人民共和国万岁! 
对不起，现在世界上不是你美国一个人说了算! 气死我了!
我们康哥生气了，小美弟弟
支持
小美国还想从我们中国捞好处，梦还没醒呢吧
截           图           留               念 
勿谓言之不预也
勿谓言之不预也！
支持
越来越讨厌美国！！！小时候感觉不到，长大了才慢慢懂得美帝的无耻
前方高能预警
那句话来了
勿谓言之不预也。
最后警告！
这真的……我要每天去看新闻了
勿谓言之不预也
勿谓言之不预也！
勿谓言之不预也
祖国万岁
勿谓言之不预也
勿谓言之不预也！
支持
勿谓言之不预也
无条件支持
美国呕
勿谓言之不预…！！！！
美国没有历史的，强盗专业户
勿谓言之不预也
坚决反制！
勿谓言之不预也
不管哪个中国人听到这个都很生气的
勿谓言之不预也
美国政客没睡醒吧！
Duang~(砸自己脚)
勿谓言之不预也！
勿谓言之不预也
早上6点
勿谓言之不预也
合影
支持
合影
司马昭之心，路人皆知啊
美帝丑恶，令人发指
支持
勿谓言之不预也
勿谓言之不预也！
老美吃饱撑得
支持
Don't say we didn't warning you.
无条件支持
勿谓言之不预也
支持
坚决支持
勿谓言之不预也
！！！！！！！
勿谓言之不预也！！！
勿为言之不预也
前排合照
勿谓言之不预也
勿谓言之不预也
勿谓言之不预也
勿谓言之不预也
勿谓勿谓言之不预也
美国怎么这么不要脸！
是不是美国人都不学历史，不知道这句话的意思？
we warned you. You better stop
勿谓言之不预也
勿谓言之不预也
勿谓言之不预也!
勿谓言之不预也
美国真是……中国加油
改名吧，真不配叫美国，应该叫霉国，这样感觉好多了
支持支持
支持！
坚决支持
勿谓言之不预也
勿谓言之不预也
美国莫得资格
勿谓言之不预也
美国真的很双标
勿谓言之不预也
i told u
切换
美国建国才多少年，这么飘
美国才200多年，还没到300年的
勿谓言之不预也
勿谓言之不预也
犯我中华者，虽远必诛！
最高警告
勿谓言之不预也！
支持
支持
勿谓言之不预也！！！！！！！！！！！
勿谓言之不预也
勿谓言之不预也
不是爷爷，是祖宗！
勿为言之不预也
勿谓言之不预也
前方高能
勿谓言之不预也
前方高能
12连发，最终通告
勿谓言之不预也
勿谓言之不预也
支持
勿谓言之不预也
勿谓言之不预也
高能
他们本人就没资格管
支持
勿谓言之不预也！！！！！！！
勿谓言之不预也！！
勿谓言之不预也
时长说明问题严重性
勿谓言之不预也！
帅
勿谓言之不预也
勿谓言之不预也
支持
美国作死
空降
支持
支持
勿谓言之不预也！
勿谓言之不预也
勿谓言之不预也
支持
勿渭言之不预也！！
勿谓言之不预也
勿谓言之不预也
勿谓言之不预也
想不到有生之年居然能听到这句话！
勿谓言之不预也！！
支持
支持
支持
支持
支持
前方高能
俺也一样
合影！
美国有什么权利管别人家里事，就是吃饱撑得
特朗普不想混了这是
支持！！！！
讲的好
真弟弟行为
做人不能太美国
支持
支持
管别人家打孩子的，一般都是怕孩子比你家强
勿谓言之不预也
坚决
勿谓言之不预也
这话还用翻译？在英语里这个要算专属名词，听到就明白意思，不需要翻译
勿谓言之不预也
历史时刻，合影
反制！
支持
支持
美国呕呕呕呕呕呕
勿谓言之不预也
真是吃饱了撑的
勿谓言之不预也
勿谓言之不预也！
勿谓言之不预也！
勿谓言之不预也
勿谓言之不预也
勿谓言之不预也
我们一向爱好和平 可他们到底在做什么
勿谓言之不预也
勿言之不预也
美国就吃饱没事干，找中国惹事
勿谓言之不预也
Don't say that I didn't warn you
勿谓言之不预
我看美国现在还躺在床上做白日梦吧
勿谓言之不预也
勿谓言之不预也
美国就是自己过得不好不想着发展自己也不想让别人过好日子
支持
勿谓言之不预也
勿谓言之不预也
支持
勿谓言之不预
勿谓言之不预也
勿谓言之不预也
勿谓言之不预也
美国必将灭亡
康帅很生气，后果很严重
勿谓言之不预也
勿谓言之不预也
勿谓言之不预也
美国建国才多少年？这么飘～ +1
支持
这句话是什么意思啊，谁给解释下
语速
险恶用心昭然若揭
支持祖国！！！！！！！
支持。。。
支持
合影
加油
勿谓言之不预也！！
勿谓言之不预也
勿谓言之不预也
美国就是个弟弟
勿谓言之不预也！！
支持
勿谓言之不预也
我们可不是吃干饭的
支持支持支持支持支持
合影
勿谓言之不预也
⚠️⚠️⚠️
勿谓言之不预也
勿谓言之不预也
勿谓言之不预也
俺也一样
勿谓言之不预也
勿谓言之不预也
勿谓言之不预也
勿谓言之不预也
勿谓言之不预也
不要说我提前没给你讲:勿谓言之不预也
美国找事情
勿谓言之不预也
简单说就是，别怪我没提醒你！
对美国的政客无语了
勿谓言之不预也
！！！！！！！
合影！
勿谓言之不预也
勿谓言之不预也
美国这是吃多了
空降
该死的美国，去死吧
永远支持祖国  支持中国颁布的一切法令
祖国 你就说怎么办吧 我们永远支持你
勿谓言之不预也
可耻
转移自己的注意力，他就是吃多了撑得
支持
支持
支持！
勿谓言之不预
美国哪有历史哦
全用成语
支持
勿谓言之不预也！
勿谓言欠六预也
我劝你美国做人要善良
小小寰球，有几个苍蝇碰壁。 嗡嗡叫，几声凄厉，几声抽泣。 蚂蚁缘槐夸大国，蚍蜉撼树谈何易。
川建国醒醒，该干活了。
相信国家!
新闻真长
勿谓言之不预也
指哪打哪
翻译好评
勿谓言之不预也
勿谓言之不预也！！
说三道四
美国就是想搞垮拥有悠久历史文明古国，这是嫉妒行为
勿谓言之不预也
美国算个毛！！！
支持中国
美国国会之心，路人皆知
美国省你不该这样
勿谓言之不预在哪里，我空降一下
新闻联播
给我顶起
这是一次发布的吗？
坚决支持！
这是  一次发布的吗？
不要说美国人，这只是美国政治家的决策
我来生也愿意当中国人
一个存在了三百多年的国家，该灭亡了，但与其作死不如等死
咸吃萝卜淡操心
勿谓言之不预也
勿谓言之不预
川建国不是我们的同志了
勿谓言之不预也
咋又回来了
支持！
勿谓言之不预也！！！
勿谓言之不预也
勿谓言之不预也
美 作死
勿谓言之不预也！！
好好好
勿谓言之不预也
多行不义必自毙
支持
勿谓言之不预也！
任尔东西南北风，咬定青山不放松。
勿谓言之不预也
勿谓言之不预也！！！
勿谓言之不预也！
支持！！！
合影
霉国套路落伍了，毫无创新
支持
好专家啊
支持祖国！
合影啦
支持
做人不要太美国
勿谓言之不预也
特没普
中国的事关你美国参议员法案鸟事
前面的，不光是爱国者，凡是中华儿女听到这样的消息都是愤怒不以！
垃圾
垃圾
支持
勿谓言之不预也
美国垃圾
垃圾
勿谓言之不预也
干涉他国主权
三四百年的文明不配指责他国
美国垃圾
坚决反对
川建国没数了
勿谓言之不预也
勿谓言之不预也！
勿谓言之不预也
美国司马昭之心路人皆知
勿谓言之不预也！
勿谓言之不预也！
坚决反制
合影
合影
弹幕呢？快顶起来
美国立国三百年够本了，霸主还是要资历老的来
新闻连播
知道叙利亚的下场吗？美国太坏了
好像记得，人民日报署名钟声，说 勿谓言之不预也，份量更重。
来了来了前排准备
支持
犯我中华者，虽远必诛！！！
妙语连珠怼死美国
勿谓言之不预！！！！
犯我中华者，虽远必诛！！！！
美国弟弟就爱搞事
勿谓言之不预也
支持
支持
美国就是个弟弟
弟弟美国
美国就是个弟弟
勿谓言之不预也
美国就个弟弟
勿谓言之不预也
犯我中华者虽远必诛
！！！！
支持！
不是为什么我们国家的事，他们颁布法案来管啊
勿谓言之不预也!!!
支持
勿谓言之不预也
勿谓言之不预也
辣鸡美国
川建国已经很努力了，真的不怪他，是国会参议院太蠢
勿谓言之不预也！
勿谓言之不预也
勿谓言之不预也
我们坚决支持中央政府采取有力措施予以坚决反制
我们坚决支持中央政府采取有力措施予以坚决反制
我们坚决支持中央政府采取有力措施予以坚决反制
美国近年来的所作所为几乎都是为了让自己离世界第一越来越近，比如退出巴黎协议
支持
虽远必诛！！！！！！！！！！？
勿谓言之不预也
勿谓言之不预也
勿谓言之不预也
支持！！
万气自生
美国靠战争发家的
啥意思？
这几个所谓真是听的舒爽
支持祖国！
勿谓言之不预也
美国觉得自己了不起的很，是世界的大家长，一个没有历史的国家，呸
勿谓言之不预
勿谓言之不预也
勿谓言之不预也
勿谓言之不预也
所谓法案..所谓!
勿谓言之不预也
支持
支持
支持政府，支持祖国
勿谓言之不预
支持
做个人吧
勿谓言之不预也！！
险恶用心 昭然若揭！
勿谓言之不预也
美国一个连文化背景都没有的国家
勿谓言之不预也
有生之年第一次听到
抵美，行动起来
平时播国际新闻要保持中立，但关于咱们的一定要有自己态度。
真没想到我等小民有生之年也能听见那句 勿谓言之不预
勿谓言之不预也
别说我没提前提醒你
勿谓言之不预也
勿谓言之不预也
支持!!
支持！！
众所周知 有b站就不用青年大学习了
恬不知耻！
勿谓言之不预也
支持！
勿谓言之不预也
想把美国拖垮，就把他们的战火烧到他们自己的本土上
支持中国！！！！
勿谓言之不预也
坚决支持
勿谓言之不预也
这是啥时候的新闻？
勿谓言之不预也
若有战，召必回。
新墨西哥州属于墨西哥
合影
勿谓言之不预也
勿谓言之不预也
美国心里没有半点B数
勿谓言之不预也
勿谓言之不预也
I have already told you
勿谓言之不预也
支持
勿谓言之不预也
勿谓言之不预也
勿谓言之不预也
勿谓言之不预也
勿谓言之不预也
勿谓言之不预也！
支持
中国万岁美弟弟垃圾支持中国
支持
勿谓言之不预也
勿谓言之不预也
制裁它
美国:双标我们可是专业的
U cqn try try
抵制美货
勿谓言之不预也
我喜欢所谓那两个字
合影
犯贱者，我中华将不息一战
美国皮痒痒了
合影
说得好！！！
勿谓言之不预也
支持
勿为言之不欲也
合影！
对
勿谓言之不预也
美国参议院哪里来的勇气
勿谓言之不预也
勿谓言之不预也
中国加油
合影！中国万岁！！！
支持
美国必将分裂
支持!
米国必将解体
勿谓言之不预也
勿谓言之不预也
勿谓言之不预也！！！
打死老美
美国急了？？
勿谓言之不预也
昭然若揭
支持
支持！
俺也一样
强力支持
支持
支持
轮辈分，美国当孙子都绰绰有余了
勿谓言之不预也
来了来了！
支持
勿谓言之不预也！
无耻美国
支持
一意孤行
勿谓言之不预也
外国势力
弟弟美国
你爸爸妈妈没教你，我们中国来教你
勿谓言之不预也
勿谓言之不预也
勿谓言之不预
这应该是美国国会的事，没太多特朗普的戏
勿谓言之不预也
勿谓言之不预也！
支持
勿谓言之不预！
勿谓言之不预也
支持
勿谓言之不预也
勿谓言之不预也
勿谓言之不预也
唯恐天下不乱
勿谓言之不预也
勿谓言之不预也
勿谓言之不预
勿谓言之不预也！
高能空降
勿谓言之不预也
顶起我大中华
勿谓言之不预也
对对对对对对
犯我中华者虽远必诛
支持！
勿谓言之不预也
犯我中华虽远必诛
勿谓言之不预也
霸气
自古邪不胜正
勿谓言之不预也
支持
支持
我只记得毛主席一句话:打的一拳出，免得百拳来
勿谓言之不预也！
合影
支持！！！
勿谓言之不预也
勿谓言之不预也！
勿谓言之不预也
勿谓言之不预也！
就是不要怪我没提醒你 
勿谓言之不预也
勿谓言之不预也！
老美就是强盗
。
小老美就是想搞乱我国，好从中偷盗
勿谓言之不预也
勿谓言之不预也
支持
勿谓言之不预也
中国中国
支持
支持!
勿谓言之不预也
勿谓言之不预也
必须支持！
支持
勿谓言之不预也
野蛮的美国，野蛮行径
勿谓言之不预也
勿谓言之不预也
勿谓言之不预也！
我们在见证历史
合影
支持
犯我中华者，虽远必诛
支持!
勿谓言之不预也
垃圾美国
犯我中华者，虽远必诛
勿谓言之不预也
支持
只有一个中国，在任何事实面前，班门弄斧都是枉然
勿谓言之不预也
勿谓言之不预也!
勿谓言之不预也
川建国同志叛变了，交易取消！
勿谓言之不预也
勿谓言之不预也
勿谓言之不预也
一个移民国家有个锤子的历史
美国臭弟弟
勿谓言之不预也！
美国？你不配插手
勿谓言之不预也
支持
报效国家的时候来了
要按基本法来管理
合影
勿谓言之不预也！！！
维护主权人人有责！
其险恶用心，昭然若揭！
勿谓言之不预也
合影
支持！
勿谓言之不预也
合影
勿谓言之不预也
支持！！！
勿谓言之不预也
一个中国
支持
支持！！！
勿谓言之不预也
极度舒适
勿谓言之不预也
支持
勿谓言之不预也！
合影
勿谓言之不预也
美国这瞎闹什么
我家事需要你这外人来管？
勿谓言之不预也
勿谓言之不预也
支持
支持祖国！！！！！！！！
勿谓言之不预也
勿谓言之不预也
勿谓言之不预也！
合影
勿谓言之不预也
勿谓言之不预
勿谓言之不预，合影留念
勿谓言之不预也
几百年的历史，一个没有历史文化底蕴的暴发户。看到别人好了心里就慌了。
勿谓言之不预
支持
勿谓言之不预也
还真把自己当成国际警察了
内部危机重重，西方就会试图转嫁矛盾，历史太多了
司马昭之心路人皆知
美国吃枣药丸
美国是亡国了吗
勿谓言之不预也 加油
弟弟行为
勿谓言之不预也 加油
合影
勿谓言之不预也
犯我中华者，虽远必诛
勿谓言之不预也！！
合影！有生之年！
美式双标
准备来合影有生之年我居然听到了勿谓言之不预也
勿谓言之不预也
勿谓言之不预也
勿谓言之不预！
勿谓言之不预也
勿谓言之不预也
就是年轻才容易飘啊
美国在想peach
一贯伎俩
勿谓言之不预也！啊啊啊啊我好激动！
6666
勿谓言之不预也 
美国就是想阻碍中国发展
哈哈
硬气!!!!
勿谓言之不预也
勿谓言之不预也
勿谓言之不预也
美国套路对今天大陆人没啥作用的，苏联解体成为国人的教训和警钟
弟弟行为
美国配么
"听党指挥, 能打胜仗, 作风优良!"
支持
勿谓言之不预也
勿谓言之不预也！
勿谓言之不预也
美国必死
美国真的厚颜无耻
无谓言之不预
换个角度想想美国是怕了呀
勿谓言之不预也
I told you that you are playing fire.
勿谓言之不预也
老美能再明显点吗？
支持
勿谓言之不预也
美国太无耻了
勿谓言之不预也
美国越干涉越说明他们怕我们发展太快超过他们，我们静静做他们害怕的事就好
勿谓言之不预也
犯我中华者   虽远必诛
2019美国辣鸡与厕所使用法案
我们坚决支持中央政府采取有力措施予以坚决反制
勿谓言之不预也
勿谓言之不预也
勿谓言之不预也
合影
勿谓言之不预！
合影
支持
勿谓言之不预也
勿谓言之不预也
四连击
俺也一样
五连击
勿谓言之不预也
支持！
勿谓言之不预也
中国加油
勿谓言之不预也！！！
犯我中华者虽远必诛
司马昭之心
司马昭之心
勿谓言之不预也
专家？
勿谓人之不预也
勿谓言之不预也
重点，「中国内政」
勿谓言之不预也
支持祖国！
自动变色了
勿谓言之不预也！
好优美的中国话
勿谓言之不预也
勿谓言之不预也
做人不要太美国
勿谓言之不预也
美国有够无耻的
勿谓言之不预也。
勿谓言之不预也
美国越来越垃圾了
支持
勿谓言之不预也！！！
美国还以为中国是清政府那个中国呢 该醒醒了
坚决反制
勿谓言之不预也
说得好
勿谓言之不预也
勿谓言之不预也
好
美国你要倒霉了
支持
勿谓言之不预也
虽远必诛
勿谓言之不预也
支持支持支持
敢干涉中国内政就是所有中国人民的公敌
中国加油
I told you
支持
勿谓言之不预也！
赞
合影
合影
支持
前方高能
赶紧让美国换个新总统吧
唯恐天下不乱
美利坚省?
勿为言之不预也
臣附议
勿谓言之不预也
说得好！全体起立!
勿谓言之不预也
合影！勿谓言之不预也
勿谓言之不预，合影
现在美国在搞战略收缩，战略调整，保存实力，稳步发展。
勿谓言之不预也
一贯，圈起来，这是重点
勿谓言之不预也
虽远必诛
勿谓言之不预也
勿谓言之不预也！
坚决反制
勿谓言之不预也！
美国走下坡路了
勿谓言之不预也
勿谓言之不预也
司马昭之心，先断他粮
勿谓言之不预也
勿谓言之不预也
险恶用心，昭然若揭
勿谓言之不预也
勿谓言之不预也
十二连发，小半年了，该结束了
我爱中国！
中国智库
勿谓言之不预也
支持
澳门才是聪明人
勿谓言之不预也！
特朗普昏了头了
太气人了
支持
勿谓言之不预也
勿谓言之不预
勿谓言之不预也
做人不要太美国
厕所法案
支持祖国!
合影！
勿谓言之不预也
合影！勿谓言之不预也
You will pay for what u do.
支持
勿谓言之不预也！！
欺人太甚
支持！
中国  帅
支持
支持反制
无谓言之不预也
这成语用的好，
勿谓言之不预也
爱我大中华，反对美利坚
勿谓言之不预也
勿谓言之不预也
建国，干活了
勿谓言之不预也
勿谓言之不预也
勿谓言之不预也
合影
合影
美国做个人吧
支持
前方高能
支持
永远支持国家统一
勿谓言之不预也
无谓言之不预也
在这件事上我不想遵守弹幕礼仪了
支持
勿谓言之不预也
支持
明天就把你们参议院变成修道院
永远维护一个中国！！
勿谓言之不预也
勿谓言之不预也！
就让美国慢慢把自己耗死吧
勿谓言之不预也
支持
勿谓言之不预也
勿谓言之不预也
勿谓言之不预也
为什么能给他国立法？在想啥呢？
加油中国
勿谓言之不预也
勿谓言之不预也
勿谓言之不预也！！
勿谓言之不预：别怪我没事先警告过你
一部分，咱们不说全部
勿谓言之不预也
勿谓言之不预也
勿谓言之不预也
勿谓言之不预也
合影
若有战，召必回！
勿谓言之不预也
犯我中华者虽远必诛
勿谓言之不预也
勿谓言之不预也
美国的每一次侵犯，都请在座各位记住，有一天他们会付出代价
勿谓言之不预也
啊，美国好讨厌
有猫病真的美国
犯我中华者，虽远必诛
看视频日期就知道是什么时候的新闻了
勿谓言之不预也
支持
老美你玩完了
支持！！！！
勿谓言之不预也
勿谓言之不预也！！
俺也一样
勿谓言之不预也
勿谓言之不预也
康帅傅
美国宁配吗？
勿谓言之不预也
勿谓言之不预也勿谓言之不预也勿谓言之不预也勿谓言之不预也勿谓言之不预也勿谓言之不预也
勿谓言之不预也
勿谓言之不预也！
勿谓言之不预也
全场最佳   本台消息
支持！
勿谓言之不预也！
美国这是看中国发展太快了，总想要搞点事情
民心所向，大势所趋
支持
勿谓言之不预也
美国就是看不惯我们比他强
勿谓言之不预
勿谓言之不预也
勿谓言之不预也
勿谓言之不预也
勿谓言之不预也
支持
勿谓言之不预也
勿谓言之不预也
支持
勿谓言之不预也
勿谓言之不预也
勿谓言之不预也
勿谓言之不预也
勿谓言之不预也
勿谓言之不预也
勿谓言之不预也
勿谓言之不预也
勿谓言之不预也
勿谓言之不预也！
此生无悔入华夏
科技来讲还需要科学家加油  不过不要着急
勿谓言之不预也
支持
美国200年历史中国5000年
勿谓言之不预也
不惧强敌，敢较量
支持支持支持！！！！！
勿谓言之不预也
支持祖国！！
勿谓言之不预也
支持
勿谓言之不预也
合影
一个才发展了几百年的国家，能有什么礼貌
无畏言之不预也
勿谓言之不预也
勿谓言之不预也
米国社会是倒退了吗
没错！
支持
勿谓言之不预也！！！
勿谓言之不预也
犯我中华者，虽远必诛
犯我中华者，虽远必诛
犯我中华者，虽远必诛
勿谓言之不预
支持
勿谓言之不预也
勿谓言之不预也
支持
勿谓言之不预也
支持
勿谓言之不预
勿谓言之不预
勿谓言之不预也
勿谓言之不预也
勿谓言之不预也
勿谓言之不预也！
支持
说得好
美国到底是什么鬼玩意啊
俺也一样
勿谓言之不预也
支持支持支持！
混入其中
坚决！！！
勿谓言之不预也
勿谓言之不预也
支持
勿谓言之不预也
勿谓言之不预也
支持
勿谓言之不预也
犯我中华者虽远必诛
勿谓言之不预也
永远支持中国，中国万岁！
犯我中华者    虽远必诛
勿谓言之不预也
没想到自己这辈子能听到 勿谓言之不预也
勿谓言之不预也！！！
看得我真的气
勿谓言之不预也
勿谓言之不预也
勿谓言之不预也
勿谓言之不预也！
支持！
勿谓言之不预也
自動變色
勿谓言之不预也
勿谓言之不预也
加油
勿谓言之不预也
勿谓言之不预也
勿谓言之不预也勿谓言之不预也
支持
举双手双脚支持!
勿谓言之不预也
勿谓言之不预也！
这段话说的太棒了
支持
勿谓言之不预也
我们都爱这种懂人事的专家
勿谓言之不预也
勿谓言之不预也
今天早上在学校广播听
勿谓言之不预也!
支持
勿谓言之不预也
勿谓言之不预也
前面说没有文化底蕴的等等我，它们为了利益真的什么都干得出来
勿谓言之不预也
勿谓言之不预也
勿谓言之不预也
勿谓言之不预也
合影
勿谓言之不预也
前方高能
勿谓言之不预也
勿谓言之不预也
美国议会就没消停过
此生无悔入华夏，来世还做中国人
支持
支持
臣附议
犯我中华者，虽远必诛！
勿谓言之不预也
勿谓言之不预也
支持
勿谓言之不预也
勿谓言之不预也
勿谓言之不预也
美国在逐渐走向世界对立面
该结束了！闹了多长时间了
昭然若揭
见证历史
合影
支持
干得漂亮
干得漂亮
干得漂亮
干得漂亮
支持！
中华人民共和国万岁
咱这辈子还能遇到这事
悬崖勒马
感谢弹幕大佬科普
勿谓言之不预也
勿谓言之不预也
勿谓言之不预也
中国的历史要比美国的未来还要长！！！！！
勿谓言之不预也
勿谓言之不预也
勿谓言之不预也
等勿谓言之不预也很久了啊
勿谓言之不预也
合影
勿谓言之不预也
勿谓言之不预也
勿谓言之不预
勿谓言之不也
勿谓言之不预也！
支持
做人不要太美国
勿谓言之不预也
支持！
高能预警
空降成功
支持
空降成功，感谢指挥部
勿谓言之不预也
合影！
昭然若揭
勿谓言之不预也
勿谓言之不预也
勿谓言之不预也
这次美国太过分了
支持
坚持一个中国
对对，就是这样
勿谓言之不预也
勿谓言之不预也
勿谓言之不预也
勿谓言之不预也
勿谓言之不预也
勿谓言之不预也
合影
勿谓言之不预也
支持！
勿谓言之不预也
勿谓言之不预也
勿谓言之不预也
见证历史
勿谓言之不预也
支持
加油！
勿谓言之不预也
勿谓言之不预也
勿谓言之不预也
勿谓言之不预也
中华人民共和国万岁！！！
合影
勿谓言之不预也
勿谓言之不预也
勿谓言之不预也！
❤️中国
勿谓言之不预也
勿谓言之不预也！
合影
支持！！！！【中国红♥】
勿谓言之不预也
勿谓言之不预也
勿谓言之不预也
勿谓言之不预也
。
勿谓言之不预也
支持
勿谓言之不预也
勿谓言之不预也
勿谓言之不预也
勿谓言之不预也
勿谓言之不预也
勿谓言之不预也
勿谓言之不预也
合影
昭然若揭
支持
勿谓言之不预也
勿谓言之不预也
支持
说的好
勿谓言之不预也!
勿谓言之不预也
昭然若揭
支持
前方高能
勿谓言之不预也！
支持
勿谓言之不预也
勿谓言之不预也
勿谓言之不预也
勿谓言之不预也
支持
支持！！
支持支持
支持！！！
顶
勿谓言之不预也
勿谓言之不预也！
合影
勿谓言之不预也
勿谓言之不预也
勿谓言之不预也
美国真把自己当回事了
勿谓言之不预也
合影。
勿谓言之不预也
勿谓言之不预也
勿谓言之不预也
合影
要来了
勿谓言之不预也
支持
勿谓言之不预也
勿谓言之不预也！
勿谓言之不预也
合影
勿谓言之不预也
勿谓言之不预也
勿谓言之不预！！
支持
要来了——
主持
勿谓言之不预也
支持
勿谓言之不预也
支持！！！
支持！！！
我们共同见证了历史！
勿谓言之不预也
勿谓言之不预也
不关
勿谓言之不预也
勿谓言之不预也
美国的法案管中国的事完全是做梦！
勿谓言之不预也
勿谓言之不预也
新时代的初中生表示热血沸腾
勿谓言之不预也
合影
勿谓言之不预也
万万没想到！
合影
前方高能
前方高能
勿谓言之不预也
支持
支持
勿谓言之不预也
支持
勿谓言之不预也
勿谓言之不预也
勿谓言之不预也
支持
勿谓言之不预也
勿谓言之不预
勿谓言之不预也
勿谓言之不预也
勿谓言之不预也
合影
勿谓言之不预也！！！
勿谓言之不预也
中国！
勿谓言之不预也
支持
纸老虎
勿谓言之不预也！
勿谓言之不预也！！！！
支持
合影
勿谓言之不预也
勿谓言之不预也
就那样了还有理了？
美国还有理了？
勿谓言之不预也
勿谓言之不预也
昭然若揭
支持
勿谓言之不预也
勿谓言之不预
说得好！！
勿谓言之不预也
勿谓言之不预也
勿谓言之不预也
勿谓  言之   不预也！！
勿谓言之不预也
勿谓言之不预也
支持
支持
大选时我还站了川普  我要为自己的幼稚反省
勿谓言之不预也
支持
勿谓言之不预也
勿谓言之不预也
支持
勿谓言之不预也
勿谓言之不预也！
勿谓言之不预也
勿谓言之不预也
勿谓言之不预也
勿谓言之不预也！
勿谓言之不预也
勿谓言之不预！！
支持
前方高能
勿谓言之不预也！
支持支持
前方高能预警
勿谓言之不预也
昭然若揭
合影
支持
支持
前方高能
勿谓言之不预也
说的好
合影
勿谓言之不预也
支持
中国加油！
大佬来了
勿谓言之不预也
勿谓言之不预也
勿谓言之不预也
勿谓言之不预也
作为当代大学生表示爱我华夏，爱我中国
勿谓言之不预也
勿谓言之不预也
勿谓言之不预也
勿谓言之不预也合影历史
勿谓言之不预也
支持
真的不知道美国哪来的优越感
我在
勿谓言之不预也
勿谓言之不预也
合影
合影
勿谓言之不预也！
勿谓言之不预也！
勿谓言之不预也
勿谓言之不预也
支持！！！！
合影
勿谓言之不预也
勿谓言之不预也
勿谓言之不预也
支持
合影
勿谓言之不预也！
勿谓言之不预也
勿谓言之不预也！
合影
勿谓言之不预也
合影
合影
勿谓言之不预也
勿谓言之不预
臣附议
勿谓言之不预也
支持
勿谓言之不预也。英文怎么说呀
支持
合影
支持
勿谓言之不预也
勿谓言之不预也
勿谓言之不预也
支持!!!!!!!
勿谓言之不预也
勿谓言之不预也
勿谓言之不预也
勿谓言之不预也
勿谓言之不预也
他不配
支持
中华人民共和国万岁
勿谓言之不预♥！！！
勿谓言之不预也
支持！！！
勿谓言之不预也
相信我的祖国，中国万岁！
勿谓言之不预！！！！(●—●)(●—●)(●—●)
勿谓言之不预也
勿谓言之不预也！！(●—●)(●—●)(●—●)
勿谓言之不预也！(●—●)(●—●)(●—●)
勿谓言之不预也(●—●)(●—●)(●—●)
勿谓言之不预也(●—●)(●—●)(●—●)
勿谓言之不预也(●—●)(●—●)(●—●)
勿谓言之不预也(●—●)(●—●)(●—●)
勿谓言之不预也
勿谓言之不预也(●—●)(●—●)(●—●)
几号的新闻
勿谓言之不预也(●—●)(●—●)(●—●)
支持
合影
合影
勿谓言之不预也
合影
支持！
坚决反对！强烈谴责！
勿谓言之不预也
支持
支持
合影
内政被干预这种事情绝对不可容忍！！！
内政被干预这种事情绝对不可容忍！！！
勿谓言之不预也
内政被干预这种事情绝对不可容忍！！！
内政被干预这种事情绝对不可容忍！！！
内政被干预这种事情绝对不可容忍！！！
内政被干预这种事情绝对不可容忍！！！
内政被干预这种事情绝对不可容忍！！！
内政被干预这种事情绝对不可容忍！！！
合影
勿谓言之不预也
勿谓言之不预也
勿谓言之不预也
见证历史！！！
严厉谴责强力谴责
谴责
勿谓言之不预也
合影！勿谓言之不预也
勿谓言之不预也
勿谓言之不预也！！！
勿谓言之不预也
支持
勿谓言之不预也
勿畏言之不遇也！
勿谓言之不预也
勿谓言之不预也
勿谓言之不预也
勿谓言之不预也
勿谓言之不预也
做好我们自己，就是对祖国最大的支持
勿谓言之不预也
支持
世界只有一个中国
勿谓言之不预也
勿谓言之不预也
勿谓言之不预也
支持
勿谓言之不预也
支持！
勿谓言之不预也
勿谓言之不预也！
合影！！！！
勿谓言之不预也
我爱中华人民共和国！
谢谢，空降成功
谢谢，空降成功
勿谓言之不预也！爱祖国！祖国万岁！！
勿谓言之不预也
合影！从没想过自己会听到这句话
勿谓言之不预也
勿谓言之不预也
勿谓言之不预
合影！
中华人民共和国万岁
支持
勿谓言之不预也
勿谓言之不预也
勿谓言之不预也
勿谓言之不预也
勿谓言之不预也
勿谓言之不预也
勿谓言之不预
时隔40年，这句话又出现了！
勿谓言之不预也
勿谓言之不预也！犯我中华者，虽远必诛！
勿谓言之不预也
勿谓言之不预也
勿谓言之不预也
勿谓言之不预也
中国万岁
支持
勿谓言之不预也
合影
合影合影合影合影
勿谓言之不预也！！！
支持
勿谓言之不预也
勿谓言之不预也
勿谓言之不预也
勿谓言之不预也！
勿谓言之不预也
祖国万岁
勿谓言之不预也
勿谓言之不预也
支持
支持！！！！！！
支持
勿谓言之不预也
勿谓言之不预也
勿谓言之不预也
勿谓言之不预也
勿谓言之不预也
勿谓言之不预也
支持支持
爱我大中华！！
勿谓言之不预也
支持！！！！！
支持！！！！
帅!!!!!!!！！！！！！
支持
合影！！
犯我中华者虽远必诛
勿谓言之不预也
勿谓言之不预也
勿谓言之不预也
有国才有家，国家有底线，我们也有底线，真以为中国人民是纸扎的？
勿谓言之不预也
勿谓言之不预也
犯我中华者虽远必诛
勿谓言之不预也
勿谓言之不预也
痛快
勿谓言之不预也
勿谓言之不预也！！！
圈起来，考研重点
勿谓言之不预也
勿谓言之不预也！
勿谓言之不预也
合影
强烈谴责！！！！
霉国弟弟还是太年轻
勿谓言之不预也
勿谓言之不预也
坚决维护一个中国
勿谓言之不预也
支持
支持
勿谓言之不预也
合影
支持
勿谓言之不预也
勿谓言之不预也
勿谓言之不预也！
勿谓言之不预也
祖国的不容忍任何的干扰！
勿谓言之不预也
勿谓言之不预也
勿谓言之不预也
勿谓言之不预也
勿谓言之不预也
勿谓言之不预也
勿谓言之不预也
勿谓言之不预也
勿谓言之不预也
勿谓言之不预也
勿谓言之不预也！！！！！！！
勿谓言之不预也！！！！！
昭然若揭
勿谓言之不预也！！！
勿谓言之不预也！！！
勿谓言之不预也！！！
勿谓言之不预也！！！
认认真真听讲
勿谓言之不预也！！！
昭然若揭！！！
美国用心险恶  路人皆知
支持
支持
支持
哭了 全体中国人民
勿谓言之不预也
勿谓言之不预也
❤爱你祖国
勿谓言之不预也
勿谓言之不预也
支持
勿谓言之不预也
合影
合影
勿谓言之不预也
美弟终将自食恶果
勿谓言之不预也
勿谓言之不预也
美国怎么这么坏呢就
勿谓言之不预也
勿谓言之不预也
坚决支持中央政府
合影！
‘’；、
勿谓言之不预也
加油
勿谓言之不预也
勿谓言之不预也
勿谓言之不预也
勿谓言之不预也
勿谓言之不预也
勿谓言之不预也。
勿谓言之不预也
勿谓言之不预也
勿谓言之不预也
勿谓言之不预也
勿谓言之不预也
勿谓言之不预也
勿谓言之不预也
中国！
合影留念合影留念
勿谓言之不预也
衰落前的疯狂
勿谓言之不预也
其行为恶
其实为恶
坚决反制
予以坚决反制
生为华夏子孙真是太幸福了，可怜美国人民，有个脸皮比城墙厚的糟心政府，
勿谓言之不预也
勿谓言之不预也
勿谓言之不预也
支持祖国
勿谓言之不预也
勿谓言之不预也！
支持
合影
勿谓言之不预也
勿谓言之不预也
勿谓言之不预也
合影
支持
严厉谴责
勿谓言之不预也
支持
勿谓言之不预也
勿谓言之不预也！
勿谓人之不欲也
勿谓言之不预也
勿谓人之不欲也
勿谓人之不欲也
勿谓言之不预也！
勿谓言之不预也
勿谓言之无预也
支持
勿谓言之不预也
勿谓言之不预也
勿谓言之不预也
勿谓言之不预也
勿谓言之不预也
果然，新闻联播开2倍速照样听的很清楚。
勿谓言之不预也
支持
勿谓言之不预也
支持
合影
支持
支持
支持
美国真的是太傻了
坚决反制
做人不能太美国
勿谓言之不预也
这就是外交用语最狠的一句，表示忍无可忍了
勿谓言之不预也
支持祖国
勿谓言之不预也
前方高能
高能预警
酷
勿谓言之不预也
支持
合影
拥护一个中国
勿谓言之不预也
支持
美国是怕了中国的发展速度
支持
支持
悬崖勒马
我爱中国！！！
勿谓言之不预也
印第安人的历史不是美国的历史
勿谓言之不预也
勿谓言之不预也
法案前面都要加个“所谓”，中华语言文化太犀利了
勿谓言之不预也
支持！！！！！
坚决支持我的祖国
勿谓言之不预也
在中国5000年历史面前，美弟就是个渣渣
支持
“勿谓言之不预也”
支持
美国越是这样，我们中国越是团结。爱我中国
勿谓言之不预也
勿谓言之不预也
支持支持支持！！！！！！！！！！
勿谓言之不预也
勿谓言之不预！！！！
勿谓言之不预也
勿谓言之不预也
勿谓言之不预
勿谓言之不预也
勿谓言之不预也
合影
我爱我的祖国
无奈
勿谓言之不预也
勿谓言之不预也
勿谓言之不预也
勿谓言之不预也
勿谓言之不预也
支持
勿谓言之不预也
勿谓言之不预也
勿谓言之不预也
勿谓言之不预也
合影留念
空降成功
支持
勿谓言之不预也
勿谓言之不预也
这些不法份子自己好好想想吧 
合影
勿谓言之不预也
支持
勿谓言之不预也
支持
支持
勿谓言之不预也
勿谓言之不预也
勿谓言之不预也
勿谓言之不预也
勿谓言之不预也
勿谓言之不预也！！！
合影
前面的，美国哪次不过分？
支持
勿谓言之不预也，
支持
勿谓言之不预也
支持
勿谓言之不预也
支持
勿谓言之不预也W
见证历史
勿谓言之不预也
说得对
勿谓言之不预也
支持
勿谓言之不预也
弟弟
爽
勿谓言之不预也
勿谓言之不预也
勿谓言之不预也
前方高能预警！
坚决贯彻
勿谓言之不预！！！
合影
勿谓言之不预也
勿谓言之不预也
合影留念
支持！！！
勿谓言之不预也
勿谓言之不预也
勿谓言之不预也
支持
美国如此行径必将自食恶果
勿谓言之不预也
支持
勿谓言之不预也
勿谓言之不预也
勿谓言之不预也
勿谓言之不预也
勿谓言之不预也
勿谓言之不预也
支持
勿谓言之不预也！
爱我中华！！
勿谓言之不预也
支持
勿谓言之不预也
弟弟行为，看不起米国
勿谓言之不预也
笔记记好考研要用
勿谓言之不预也
说得好
勿谓言之不预也
支持
支持
勿谓言之不预也！
说得好
合影
支持
支持！！！！！！！！！！！！！！！！
勿谓言之不预也！
勿谓言之不预也
勿谓言之不预也
支持！！！
勿谓言之不预也
勿谓言之不预也!!!
见证历史！
勿谓言之不预也！！！！合影历史
一贯
勿谓言之不预也
勿谓言之不预也
支持
支持
支持
勿谓言之不预
支持
支持
勿谓言之不预也
勿谓言之不预也
勿谓言之不预也
支持
说的对!
中国万岁
支持
勿谓言之不预也
合影
祖国母亲加油！
勿谓言之不预也
令人喷饭！
勿谓言之不预也
勿谓言之不预也
中国帅
支持
其险恶用心昭然若揭！
永远支持一个中国！！！
勿谓言之不预也
加油，我大中华
勿谓言之不预也
勿谓言之不预也
呕吼美国完了
支持
中国！中国！
支持。
勿谓言之不预也
支持！！！！！！
合影
合影
臭名昭著
勿谓言之不预也
太不要脸了！！！！
 勿谓言之不预也！
昭然若揭
勿谓言之不预也
勿谓言之不预也
勿谓言之不预也
勿谓言之不预也
勿谓言之不预也
勿谓言之不预也
勿谓言之不预也
勿谓言之不预也
勿谓言之不预也
勿谓言之不预也
勿谓言之不预也
勿谓言之不预也
勿谓言之不预也
勿谓言之不预也
支持
勿谓言之不预也
坚决反制
支持！
勿谓言之不预也。
合影
合影
合影合影
勿谓言之不预也
勿谓言之不预也
支持！！
合影
勿谓言之不预也
勿谓言之不预也
勿谓言之不预也
勿谓言之不预也
合影
帅！！
中国加油
只有一个中国
昭然若揭
勿谓言之不欲也
一个中国！！！
支持
支持
支持
支持
坚定不移
勿谓言之不预也
勿谓言之不预也
祖国万岁
美国弟弟
祖国加油
勿谓言之不预也
勿谓言之不预也
支持
勿谓言之不预也，多行不义必自毙!!!
勿谓言之不预也
说的好
支持！！！！！
昭然若揭
合影
中国只有一个，我爱中国
支持
勿谓言之不预也
合影
勿谓言之不预也
勿谓言之不预也
勿谓言之不预也
勿谓言之不预也
勿谓言之不预也
英国美国弟弟弟弟
支持祖国
支持
支持
勿谓言之不预也
勿谓言之不预也
勿谓言之不预也
勿谓言之不预也
勿谓言之不预也
合影
我真庆幸自己没有生在美国
勿谓言之不预也
勿谓言之不预也
勿谓言之不预也
勿谓言之不预也
合影
头一次听到播音员姐姐改变语气了！！
支持
勿谓言之不预也
爱我中华！
支持
我一个90后今天听到了勿谓言之不预也！
勿谓言之不预也
支持
支持
勿谓言之不预也
合影
勿谓言之不预也
勿谓言之不预
昭然若揭
这句话我等了很久了！
勿谓言之不预也
支持！
坚决反制
勿谓言之不预也
支持
Don't say that I didn't warn you！
勿谓言之不预也
勿谓言之不预也
勿谓言之不预也
支持！！
勿谓言之不预也
勿谓言之不预也
勿谓言之不预也
勿谓言之不预也
勿谓言之不预也！！！
突然泪目。。
勿谓言之不预也
勿謂言之不預也
勿谓言之不预也
支持
勿谓言之不预也
勿谓言之不预也
勿谓言之不预也
支持
支持
勿谓言之不预也
说的太好了！！！！
勿谓言之不预也
支持
支持
勿谓言之不预也
勿谓言之不预也
勿谓言之不预也
勿谓言之不预也
支持！
勿谓言之不预也
说的好
支持
勿谓言之不预也
勿谓言之不预也
支持！！！
勿谓言之不预也
支持
勿谓言之不预也
支持
勿谓言之不预也
勿谓言之不预也
支持
勿谓言之不预
勿谓言之不预也
支持
勿谓言之不预也
勿谓言之不预也
勿谓言之不预也勿谓言之不预也勿谓言之不预也勿谓言之不预也
勿谓言之不预
支持
勿谓言之不预也
勿谓言之不预也
别说我没告诉过你
勿谓言之不预也
勿谓言之不预也
合影
支持
勿谓言之不预也
勿谓言之不预也
勿谓言之不预也
强烈支持
勿谓言之不预也
中国加油
勿谓言之不预也
勿谓言之不预也
支持！
勿谓言之不预也
合影留念~勿谓言之不预也~
勿谓言之不预也
勿谓言之不预也
支持！！
勿谓言之不预也
支持
勿谓言之不预也
勿谓言之不预也
勿谓言之不预也
勿谓言之不预也
支持
支持
勿谓言之不预也
十二连发真帅
中国红
勿谓言之不预也
勿谓言之不预也！
勿谓言之不预也
相信政府，我们也要做好自己的本职工作，报效祖国
勿谓言之不预也！！！
勿谓言之不预也！！！
勿谓言之不预也！！！
支持
勿谓言之不预也
勿谓言之不预也
前方高能预警
勿谓言之不预
合影
勿谓言之不预也
勿谓言之不预也
支持!!!
勿谓言之不预也
勿谓言之不预也
勿谓言之不预也
中国万岁
勿谓言之不预也
勿谓言之不预也！！！！！
支持
勿谓言之不预也
勿谓言之不预也勿谓言之不预也勿谓言之不预也勿谓言之不预也
勿谓言之不预也
勿谓言之不预也
支持
勿谓言之不预也
勿谓言之不预也
支持！
勿谓言之不预也!
目前世界范围内捣乱的，都是英美，不愧是一家
勿谓言之不预也
支持！！！！！
勿谓言之不预
合影
勿谓言之不预也！！！合影，大块人心
勿谓言之不预也
勿谓言之不预也
勿谓言之不预
犯我中华者，虽远必诛！！！！！
勿谓言之不预也！
勿谓言之不预也
支持
勿谓言之不预也
支持
勿谓言之不预也
勿谓言之不预也
勿谓言之不预也
勿谓言之不预也
勿谓言之不预也
支持
勿谓言不预也
勿谓言之不预也
勿谓言之不预也
勿谓言之不预也
勿谓言之不预也！！！
支持！！！
勿谓言之不预也
勿谓言之不预也
昭然若揭
勿谓言之不预也
勿谓言之不预也
勿谓言之不预也
支持
勿谓言之不预也
勿谓言之不预也
支持
勿谓言之不预也
勿谓言之不预也
勿谓言之不预也
2020文科高考生，记好了哈
勿谓言之不预也！！！！！
支持
勿谓言之不预也
勿谓言之不预也
支持！
勿谓言之不预也
支持祖国
勿谓言之不预也！！！
一贯
合影
勿谓言之不预也
勿谓言之不预也
合影
支持
勿谓言之不预也
！
说得好！
勿谓言之不预也！
太可笑了，嗬，美国弟弟
昭然若揭！
第一次看新闻联播这么认真
勿谓言之不预也
勿谓言之不预也
支持！！！
有这句话我放心！
撑中央
勿谓言之不预也
支持中国
勿谓言之不预也
勿谓言之不预也
勿谓言之不预也
合影(⊙o⊙)哇
合影
支持！！！
合影
勿谓言之不预也
支持
勿谓言之不预也
勿谓言之不预也
说的好!
勿谓言之不预也!!!!
勿谓言之不预也。
勿谓言之不预
美国老是横行霸道
支持
为什么没有字幕
字幕的？你听不懂中国普通话？？？
勿谓言之不预也
合影
合影
勿谓言之不预也
他怕我们发展太快
划重点。 一贯伎俩
勿谓言之不预也
勿谓言之不预也
美国弟弟 宁可往后稍稍吧
勿谓言之不预也！！
勿谓言之不预也！
合影！
勿谓言之不预也
勿谓言之不预也
勿谓言之不预也
勿谓言之不预也
勿谓言之不预也
勿谓言之不预也
勿谓言之不预也
勿谓言之不预也
勿谓言之不预也
勿谓言之不预也
勿谓言之不预之
美国会自食恶果
合影
勿谓言之不预也
合影
勿谓言之不预也
说的好
支持
勿谓言之不预也
感谢总部
哦吼
勿谓言之不预也
合影
勿谓言之不预也
这次给别国立法做得过火了
勿谓言之不预也
勿谓言之不预也
勿谓言之不预也意为：事后别后悔，不要说没有跟你事先说过。指把话说在前面。
合影
勿谓言之不预也
一贯伎俩，h h h h h
支持
勿谓言之不预也
他们会后悔的
合影
勿谓言之不预也
前方高能
支持
勿谓言之不预
勿谓言之不预也
支持
勿谓言之不预也
勿谓言之不预也
支持
中国加油
勿谓言之不预
勿谓言之不预也
勿谓言之不预也
支持！
勿谓言之不预也！
支持祖国
支持
支持
支持
勿谓言之不预也！
勿谓言之不预也！
支持
勿谓言之不预也！！！！
支持
支持！
勿谓言之不预也
勿谓言之不预也
勿谓言之不预也
勿谓言之不预也！
支持
支持
支持
支持
合影
支持
勿谓言之不预也
勿谓言之不预也
勿谓言之不预也
支持！
勿谓言之不预也
勿谓言之不预也
合影
勿谓言之不预也
勿谓言之不预也
支持！
支持！
昭然若揭
勿谓言之不预也
勿谓言之不预也！
勿谓言之不预也！
勿谓言之不预也！
合影！
政协好硬气
合影
合影
勿谓言之不预也
支持
相信中国，支持中国。别的国家都知道美国是错的。
勿谓言之不预也！
勿谓言之不预也
支持
勿谓言之不预也
勿谓言之不预也
说的好
考研时政
信口雌黄
干涉中国内政
勿谓言之不预也！
支持
黄杨我知道你在看
勿谓言之不预也
勿谓言之不预也！
勿谓言之不预也！！！！
坚持
合影
支持
 勿谓言之不预也
勿谓言之不预也
勿谓言之不预也
支持
勿谓言之不预也
勿谓言之不预
记住这个历史性的时刻
支持
合影
勿谓言之不预也
勿谓言之不预也
勿谓言之不预也
合影
合影
勿谓言之不预也
支持
支持
支持！
勿谓言之不预也
支持
这话激情！强
勿谓言之不预也
看央视还要什么字幕
勿谓言之不预也！
支持
勿谓言之不预也
勿谓言之不预也
勿谓言之不预也
"Do not pretend to be innocent, Because I have informed you In advance。"
支持！
勿谓言之不预也
勿谓言之不预也
勿谓言之不预也
支持
合影
勿谓言之不预也
说得好！
一贯伎俩
勿谓言之不预也！
别怪我之前没提醒过你
好霸气啊
勿谓言之不预也
勿谓言之不预也！
支持！
国家底线不容任何势力挑衅！！！
合影！有生之年
霸权主义
霸权主义
勿谓言之不预也
勿谓言之不预也
支持支持，中国万岁
勿谓言之不预也
合影
勿谓言之不预
中国万岁
否则必将自食恶果
大力支持
勿谓言之不预也
勿谓言之不预也。
勿谓言之不预也
支持
勿谓言之不预也
勿谓言之不预也
合影合影
勿谓言之不预也
支持
勿谓言之不预也
美国弟弟美国弟弟美国弟弟美国弟弟美国弟弟美国弟弟美国弟弟美国弟弟
十二连发真帅
美弟
勿谓言之不预也
合影
勿谓言之不预也
合影
支持祖国♥
勿谓言之不预也
勿谓言之不预也
美国弟弟
因为没有字幕也可以听清呀
支持
支持
只有一个中国
勿谓言之不预也！
支持
太过分了
故意挑事
支持
坚持一个中国！
我居然想哭。。
支持
支持
支持
勿谓言之不预也
中国加油
祖国万岁！
支持
支持
勿谓言之不预也！
谴责没什么用了，美国听不进
支持！
勿谓言之不预也
美国必将为自己的行为付出代价
坚决不移
说的好
支持
勿谓言之不预也
w
勿谓言之不预也
支持
顽固事实。中国加油
勿谓言之不预也
勿谓言之不预也！！
勿谓言之不预也！
合影
专门来看这一句
支持
前方高能
勿谓言之不预也
十三
勿谓言之不预也
勿谓言之不预也
勿谓言之不预也
勿谓言之不预也
弱国无外交
敬礼！
勿谓言之不预也
勿谓言之不预也
勿谓言之不预也！！！！！
勿谓言之不预也
支持
犯我中华者虽远必诛！！！！！
美弟！
勿谓言之不预也
美国有什么权利管理中国的事，自己的破事还不够管理吗？
勿谓言之不预也
勿谓言之不预也
勿谓言之不预也
真是无语
！？？！！！！！！！！！！！！！！前方高能预警
！！！！！！！！
"空降,00:00"
支持
牛
卡农
时间17：47分
l told you
支持
此生不悔入华夏
没想到有一天我会在b站听新闻联播
支持
勿谓言之不预也
“所谓”
勿谓言之不预也
就算现在地震，我也要点完这个赞我再跑。
为什么我刚刚听见了花表声明
""
优秀！！！！
眼神真好
勿谓言之不预也
好！
说的漂亮
废纸一张！
顶
勿谓言之不预也
就是咯
废纸！
好
废纸一张
美国太不要脸
勿谓言之不预也！
好！
说得好！
这个企图说的很清楚了
这个画面秀
废纸一直
废纸一张哈哈，霸气
顶！！！
说得好
勿谓言之不预
这也太帅了吧
好
废纸一张
好！
漂亮
第第行为！！
漂亮
勿谓言之不预也
无权干涉中国内政。外人无法干预家事。！！！！
我们自己家的事情，你说了不算
说得好！
说的太好了!
好
顶
干涉中国内政的法案就是废纸一张！
好！
真顶
对，废纸一张
对！
好
废纸
废纸一张
语气都一样 哈哈哈哈
好！
说得好!
说得好
好
说得对
说得好
就是咯
省点纸吧，多几棵树去净化空气比你们美国佬搞这些破事有意义得多
本来就是费纸一张，美国以为自己就是谁啊
特朗普还真是能搞笑 做出这种事不怕各国笑话吗 很奇怪
好啊
漂亮
说得好！
废纸一张
干涉中国内政的法案是废纸一张
好
团结一致
哇，说得好，废纸一张，解气。
中国就是太强大它们害怕了
美政总喜欢不择手段
说得好
美国人看着自己的政府这个样子真的不会脸红嘛？还有脸骂这么凶？
勿谓言之不预也！！！！
好
只有他们自己认为他们是对的
治国还玩商人那套 特朗普迟早引火烧身
顶
说的好！
废纸一张
*10
*11
废纸一张
*12
干涉中国内政的法案就是废纸一张！
是中国强大的太快了
说得好！！！
陈女士说的对
说得对
好!
霸气!
美国真的很乱嘛
我们不会让他们得逞的
好！
说得好
说得好！
太狠了！
我们都知道但是我们有素质不说
我们都知道但是我们有素质我们不说
说的漂亮
好！
废纸
说得好！
对！硬气
说得好
太霸气了！！
就是！！美国人民你们的政府都这样了不会觉得脸红吗？
，哈哈哈这波反讽
说得对！！！
霸气！
赞
废纸一张！
说得好
说的好！帅小伙！
说得好！
牛
废纸一张
说得好废纸一张
废纸一张！
绝不会得逞！
说的好
废纸一张！
弟弟美国
美国的一贯流氓做法
废纸一张
说得好
勿谓言之不预也，废纸一张，哇好感动，看到历史上两大经典台词
废纸一张
本来就是废纸，他们自己的法律还能干涉中国的法律？
绝不得逞
说得好
好
啊
好！
漂亮
没错！
说的好
好！！
好
勿谓言之不预也
说的漂亮
爱国没有理由，与生俱来的责任感
看来美帝要走到头了～
真的不懂美国这种思维，仿佛不在一个星球
说的对
废纸一张
废纸！
说得好 说的大快人心
废纸一张
廢紙一張
说的太棒了
霸气
勿谓言之不预也
勿谓言之不预也
勿谓言之不预也
勿谓言之不预也
美国就是看不了中国的强大！
给你点赞
帅
想想他们在伊拉克干的事，他们一向如此，霸权主义
硬气
真搞不懂让一个商人当总统的美国是怎么想的
说的对
好
哈哈哈，说的好
说得好！
废纸一张！
美国就是羡慕嫉妒了
废纸一张！
我们表示不慌的好吗？
这是合集还是一次的
美丽风景每一天～
说得漂亮!!
废纸一张!
特朗普又管不了美国国会
吾辈当自强
为中华之崛起而读书
废纸一张
废纸一张！
可不是么
特朗普连商人都不算就是个小丑呀
垃圾美国
看着咱们发展太好了眼红
废纸
现在的美国大选，要么选出一个骗子，要么选出一个疯子～这是美国人自己说的，所以民主？逗逗小孩而已
干涉中国内政的法案就是废纸一张！
说得好
废纸一张
这位小哥说得好！
帅小伙说的话！
好！
废纸一张
自由美利坚，枪击每一天
废纸一张!
干涉中国内政的法案就是废纸一张
废纸一张
戏子都能当美国总统，何况商人
回收了
伟大的中华人命共和国万岁
伟大的中华人民共和国万岁
必须是废纸一张
废纸一张！
废纸一张
漂亮
川建国是好的主要是蓬佩奥
废纸一张
说得好
废纸！
废纸一张
废纸一张
前面数数的那个你站住
废纸一张
说的对
厕纸一张
废纸
废纸一张！
废纸一张
中国加油
废纸一张
大快人心
哈哈，自由美利坚，枪击每一天
说得好！！
废纸一张
说得好
干涉中国内政的法案就是废纸一张
舒坦！
废纸一张
废纸一张
23333
自由美利坚，枪战每一天
好
好！
特“浪”普
说得好
会粤语的路过
这是国会的法案，跟川普关系不大，最近国会也在搞川普
废纸一张
说得好！！！
好！！！
干涉中国内政的法案就是废纸一张
好
废纸一张
说得好
废纸一张！
废纸一张
这是川建国同志为了让中国人民更团结做出的重要一步
做事不能太美国，做人不能太霍顿
世界地图上迟早消失美国这个国家，
怼的好
干涉中国内政的法案就是废纸一张
废纸一张
好
自由美利坚，枪战每一天
精彩
好！
废纸一张
废纸一张
说的好
快乐美利坚，枪击每一天
没牵过的就是厕所里的纸！
说得好
美国非人哉
废纸一张！
好好好
靓丽风景线
勿谓言之不预也
废纸一张！
绝不会得逞！
说得好！霸气
干涉中国的法案，就是废纸一张!
干涉中国内政的法案就是废纸一张
干涉中国内政的法案就是废纸一张
废纸
川建国？
好
废纸一张
废纸一张
废纸一张
废纸一张
霸气
说得好
听到了吗 美国臭弟弟
说的好！
美国就是想挨打，再等个十几二十年教他做人
说的好!!
会粤语路过加一
说的好！
废纸一张
美国就是乱来
说得好！！！
牛！！！
没弹幕？
厕所纸都不配
说得好
美国已经自己把自己的上层搞乱了。连个总统都选不出来。就会转移选民注意力
废纸一张！
说得好!!!霸气!!!!!!!!!!
说得好!!!
废纸一张
霸气
废纸
美丽的风景线
废纸一张
支持！
废纸一张
说得好啊！
弹幕？
哈哈哈，全国人民的心空前统一。听多了流行歌，最近竟然喜欢上了唱红歌
废纸。
说得好
也就是说 
也就是说
美国再这样下去必遭世界围攻
没错
好！说的好！！！
说得好
说的好
对
川建国身不由己，理解一下
这个片段放得好
说得好
干涉中国内政的法案就是废纸一张
美国弟弟
废纸一张
干涉中国内政的法案就是废纸一张
干涉中国的法案就是废纸一张
说的好说的好说的好说的好说的好
说得好
好！！！
废纸一张
废纸一张！
说得好
说得好，废纸一张，勿谓言之不预也
太气了，弹幕都来不及发
干涉中国内政的法案就是废纸一张！！！
自动变色
废纸一张
美国呵呵
废纸一张！
中华人民共和国万岁
米国真的无能，看不得别人过得比他好
废纸一张而已
说得好
大家太有才了
干涉中国内政法案就是废纸一张！
说得好
干涉中国内政的法案就是废纸一张!
废纸一张
霸气
废纸一张
废纸一张
废纸一张
为什么我这么喜欢看新闻联播
干涉中国内政的法案就是废纸一张
干涉中国内政的法案就是废纸一张
干涉中国内政的法案就是废纸一张
干涉中国内政的法案就是废纸一张
说得好
干涉中国内政的法案就是废纸一张
66666
漂亮
废纸一张
好
说得好
说得好，美国太飘了
祖国万岁！！！！！！
说得好
说得好
霸气
干涉中国内政的法案就是废纸一张！！！
勿谓言之不预也。
美国配吗？
这句话漂亮，我爱听
就是
对！
废纸一张！
说的好！全体起立！
说得好
霸气
干涉中国内政的法案就是废纸一张
废纸一张
说的好
前方再次高能预警！
说得好！
说得对！说得好！
说得好
好样的
废纸一张
干涉中国内政的法案就是废纸一张！
中国加油
说的好
祖国万岁
废纸一张!!!!!
一针见血
废纸一张！
帅气
说的好说的好
对
漂亮！
废纸一张
好棒
帅
说得好
干涉中国内政的法案就是废纸一张
说得好
霸气
废纸一张
祖国万岁
废纸一张
废纸一张！！
干涉中国内政法案就是废纸一张！
说得好
废纸一张
说得好
干涉中国内政的法案就是废纸一张
加油！
你们的身后是十几亿同胞！
好！
废纸一张！
说得好！！！！！！！！！！！！！！
太应景了
以后不要说没有跟你事先说过。指把话说在前面。
说得好
美国？呵呵，先把欠咱们中国的钱还回来
废纸一张
对！
废纸一张！
帅
废纸一张
废纸一张
废纸一张
废纸一张！
双标美国不要脸
找不出比美国更不要脸的国家了
劝告美国政府用脑子做事
霸气
这位女士好有气质
这哥们我一生粉！！！说的太好了
勿谓言之不预也
美国cia最坏
做人不要太美国
干得漂亮
即勿谓言之不预也
说的好！！！！！！！！！！！
废纸一张
废纸一张
说得好
6666
霸气！
废纸一张！
干涉中国内政的法案就是废纸一张！
666666
没错
弟弟美国美国弟弟
好好好好好好好
废纸
美国等着吧，我们迟早会超越一切
干涉中国内政的法案就是废纸一张
干涉中国内政的法案就是废纸一张！
干涉中国内政的法案就是废纸一张！！！
废纸一张！
中国领土不容侵犯
废纸一张
废纸一张
说的好！！！
废！纸！一！张！
好，说得好
这就是外国人少的原因。
这就是外国人少的原因。
这就是外国人少的原因。
干涉中国内政的法案就是废纸一张！！！
中国加油
中国加油
美国霸权
说的太对了！
说的好
废纸一张
废纸一张
废纸一张
废纸一张
说得好！
说的太棒了
废纸一张
说得好
以后希望别生在美国 我不想一出生被一枪送回去。。。
中国加油
霸气！！
美弟行为
干涉中国内政的法案就是废纸一张
废纸一张
说的太好了
？？？？？？？
干涉中国内政的法案就是废纸一张!!!
干涉中国内政的法案就是废纸一张!!!
干涉中国内政的法案就是废纸一张!!!
霸气
干涉中国内政的法案就是废纸一张
说得好！
中国加油
中国加油
中国加油   
说的好
美国弟弟行为
霸气
废纸一张！
勿谓言之不预也
任何干涉中国内政的法则都是废纸一张
干涉中国内政的法案就是废纸一张
中国加油   祖国万岁
说的好
废纸一张，霸气
废纸一张
废纸一张
干涉中国内政的法案就是废纸一张！
干涉中国内政的法案就是废纸一直
说得好！！
干涉中国内政的法案就是废纸一张
干涉中国内政的法案就是废纸一张
说得好
干涉中国内政的法案就是废纸一张！
说的好！
废纸一张！
说的好 废纸一张
废纸一张
好有气质
帅气啊
废纸一张
中国
赞
反正就是不要脸了
废纸一张
废纸一张
废纸一张。
废纸一张
废纸一张！
废纸一张！！！
废纸一张
废纸一张
说的好
废纸一张
帅!
干涉中国内政的法案就是废纸一张
废纸一张
酒泉人民坚决维护国家统一！
中国加油！
自由美利坚枪击每一天。
中国加油
说的真棒
人民团结！祖国万岁！
Why
好近近景近景
我LV 3了
弟弟美国美国弟弟
我们不会让他们得逞的
美国脑子指定有问题
废纸
中国加油
给老子起立
""
